100
-29999
-29472
-29388
-29384
-29212
-27750
-27656
-27383
-27214
-26936
-26716
-25680
-25048
-24377
-23830
-21756
-21481
-18810
-18792
-18484
-17860
-17594
-17396
-17223
-16802
-15248
-15164
-14834
-13960
-12361
-12138
-12111
-12063
-11720
-11115
-11021
-9534
-9357
-9280
-9142
-8212
-7167
-5758
-4129
-2633
-2110
-1564
-1322
13
1080
1983
3118
3580
4276
4706
4839
4864
6912
8088
8615
8963
9001
9316
9846
10215
10701
10724
11296
11471
12806
13367
13614
13977
14184
15577
15823
16986
18943
20203
21237
21492
21976
23429
23918
24488
24875
24991
25235
26220
27658
28957
29237
29262
29333
29751
30890
30962
31009
31099
31265
