100
31265
31099
31009
30962
30890
29751
29333
29262
29237
28957
27658
26220
25235
24991
24875
24488
23918
23429
21976
21492
21237
20203
18943
16986
15823
15577
14184
13977
13614
13367
12806
11471
11296
10724
10701
10215
9846
9316
9001
8963
8615
8088
6912
4864
4839
4706
4276
3580
3118
1983
1080
13
-1322
-1564
-2110
-2633
-4129
-5758
-7167
-8212
-9142
-9280
-9357
-9534
-11021
-11115
-11720
-12063
-12111
-12138
-12361
-13960
-14834
-15164
-15248
-16802
-17223
-17396
-17594
-17860
-18484
-18792
-18810
-21481
-21756
-23830
-24377
-25048
-25680
-26716
-26936
-27214
-27383
-27656
-27750
-29212
-29384
-29388
-29472
-29999
