100
29262
-21756
9316
24991
-9142
10701
-29472
24875
9001
8088
-5758
3118
-15164
-18484
-9357
1983
-14834
28957
27658
23918
14184
-17223
11471
-27383
10215
26220
31009
12806
29237
-17860
-12063
30890
8963
-13960
-27750
31265
21976
4706
3580
-8212
-18792
-11720
29333
24488
-9280
-12138
23429
-12111
-15248
-18810
9846
21492
1080
13367
15577
4839
15823
-27214
-7167
6912
25235
-1564
-24377
-1322
13614
8615
-29384
31099
-16802
-17396
-11021
-12361
-25048
-2633
13
30962
11296
-23830
-11115
10724
29751
-25680
18943
21237
-29212
-27656
-29388
-4129
13977
16986
-9534
-26716
-26936
-17594
4276
20203
-2110
4864
-29999
-21481
