1000
-32760
-32730
-32698
-32600
-32590
-32534
-32417
-32412
-32350
-32338
-32313
-32191
-32173
-32076
-32074
-31989
-31959
-31946
-31938
-31881
-31815
-31708
-31558
-31550
-31500
-31464
-31461
-31451
-31292
-31136
-30886
-30869
-30713
-30693
-30688
-30676
-30672
-30324
-30320
-30292
-30245
-30181
-30171
-30136
-30070
-29701
-29381
-29372
-29295
-29290
-29178
-29102
-29094
-29078
-28794
-28770
-28758
-28735
-28649
-28437
-28177
-28101
-28059
-27881
-27788
-27740
-27729
-27710
-27596
-27589
-27546
-27300
-27108
-27048
-26999
-26849
-26600
-26547
-26478
-26468
-26361
-26358
-26319
-26306
-26260
-26224
-26078
-26057
-26034
-25911
-25854
-25833
-25715
-25668
-25555
-25473
-25238
-25236
-25224
-25098
-25090
-25030
-24956
-24876
-24852
-24825
-24737
-24733
-24720
-24706
-24686
-24562
-24447
-24407
-24383
-24346
-24271
-24160
-24127
-24086
-24078
-24063
-23924
-23845
-23770
-23758
-23622
-23599
-23471
-23362
-23077
-23042
-23036
-22896
-22808
-22596
-22585
-22527
-22493
-22254
-22207
-22181
-22148
-22059
-21809
-21736
-21650
-21523
-21511
-21490
-21353
-21273
-21266
-21139
-21098
-21084
-21064
-21003
-20991
-20820
-20724
-20514
-20467
-20388
-20310
-20275
-20193
-20076
-20042
-20034
-20016
-19976
-19941
-19892
-19890
-19883
-19879
-19846
-19672
-19654
-19629
-19545
-19394
-19343
-19320
-19187
-19184
-19144
-19073
-19072
-19070
-19067
-19029
-19017
-18910
-18890
-18769
-18752
-18647
-18604
-18593
-18573
-18566
-18522
-18501
-18491
-18399
-18357
-18347
-18308
-18236
-18149
-18108
-18019
-17976
-17970
-17802
-17553
-17509
-17476
-17372
-17167
-17147
-17096
-16926
-16896
-16866
-16793
-16769
-16735
-16625
-16618
-16616
-16513
-16502
-16491
-16302
-16214
-16084
-15855
-15834
-15795
-15758
-15678
-15575
-15512
-15355
-15307
-15268
-15232
-15212
-15157
-15120
-15071
-14994
-14981
-14923
-14909
-14780
-14761
-14720
-14686
-14499
-14470
-14464
-14432
-14423
-14406
-14354
-14311
-14248
-14243
-14154
-14124
-14120
-14084
-14014
-14004
-14000
-13883
-13843
-13668
-13592
-13578
-13522
-13405
-13281
-13230
-13171
-13045
-12981
-12958
-12929
-12921
-12901
-12900
-12827
-12787
-12758
-12664
-12492
-12366
-12165
-12118
-12030
-12010
-11871
-11867
-11828
-11804
-11747
-11463
-11436
-11184
-11173
-11173
-11113
-11004
-10881
-10857
-10852
-10844
-10843
-10750
-10688
-10660
-10543
-10381
-10373
-10367
-10132
-10075
-10073
-10055
-10029
-10009
-9970
-9940
-9911
-9853
-9741
-9654
-9620
-9618
-9613
-9585
-9502
-9398
-9352
-9267
-9261
-9170
-9051
-9034
-8978
-8934
-8891
-8736
-8672
-8511
-8499
-8453
-8452
-8379
-8226
-8145
-8074
-8059
-8058
-7930
-7894
-7683
-7654
-7497
-7469
-7362
-7348
-7157
-7152
-6987
-6899
-6823
-6761
-6748
-6741
-6683
-6598
-6438
-6359
-6276
-6205
-6096
-5821
-5800
-5725
-5704
-5627
-5566
-5459
-5332
-5238
-5203
-5176
-5173
-5139
-5003
-4987
-4807
-4785
-4684
-4667
-4502
-4495
-4396
-4309
-4283
-4283
-4193
-4088
-4045
-3950
-3922
-3824
-3786
-3751
-3703
-3659
-3370
-3337
-3328
-3200
-3114
-3076
-3013
-2963
-2948
-2740
-2548
-2466
-2462
-2354
-2198
-2192
-2141
-2099
-2022
-2009
-1893
-1848
-1805
-1639
-1559
-1424
-1405
-1204
-1118
-975
-965
-835
-775
-767
-689
-627
-555
-542
-538
-535
-518
-504
-487
-380
-371
-323
-306
-239
-198
-144
-76
-38
-4
112
160
185
302
303
318
410
508
590
612
655
753
789
799
827
941
1010
1017
1031
1080
1187
1195
1204
1240
1268
1308
1333
1339
1351
1368
1398
1430
1512
1549
1666
1735
1819
1820
1879
1880
1951
1966
1969
1974
1984
2005
2260
2339
2416
2478
2532
2543
2580
2623
2631
2641
2782
2803
2814
3070
3086
3119
3206
3332
3502
3533
3542
3557
3586
3586
3672
3881
3943
3960
3996
4137
4149
4179
4228
4259
4403
4410
4485
4509
4513
4551
4573
4726
5022
5030
5120
5172
5227
5387
5423
5425
5457
5458
5462
5469
5526
5575
5639
5774
5807
5960
6031
6065
6124
6129
6142
6319
6356
6391
6441
6739
6785
6838
6896
7069
7122
7142
7177
7181
7226
7292
7467
7617
7644
7714
7862
7996
8040
8164
8187
8197
8211
8246
8250
8271
8370
8398
8401
8401
8549
8701
8744
8818
8920
8939
9149
9520
9564
9588
9919
9970
9984
10122
10134
10161
10166
10208
10263
10273
10359
10451
10453
10596
10715
10741
10845
10918
10940
10951
10990
10995
11073
11091
11182
11198
11241
11258
11270
11437
11576
11693
11760
11833
11847
12113
12156
12178
12195
12283
12288
12340
12478
12539
12672
12685
12857
13012
13079
13080
13188
13254
13361
13689
13794
13875
13887
13905
14043
14060
14076
14128
14132
14175
14231
14341
14343
14503
14526
14569
14678
14686
14689
14693
14726
14767
15010
15031
15073
15081
15144
15288
15416
15416
15563
15625
15665
15718
15725
15877
15905
15996
16026
16179
16231
16363
16731
16756
16869
16885
16890
16891
17013
17068
17129
17138
17239
17259
17286
17362
17504
17524
17529
17540
17552
17577
17646
17743
17876
18013
18061
18152
18284
18289
18321
18324
18343
18381
18395
18423
18442
18524
18571
18607
18651
18691
18697
18822
18849
18921
18931
18973
19087
19127
19291
19349
19465
19541
19553
19563
19590
19604
19658
19708
19778
19836
19896
20004
20068
20213
20276
20310
20445
20482
20508
20579
20731
20778
20784
20811
20916
20925
20956
20960
21190
21262
21298
21303
21366
21473
21576
21610
21732
21751
21818
21855
21886
21937
21982
22051
22107
22135
22296
22430
22438
22486
22648
22657
23289
23305
23322
23383
23398
23410
23610
23629
23729
23758
23828
23847
23903
23955
23999
24052
24068
24084
24165
24180
24232
24240
24281
24345
24367
24382
24613
24631
24840
24864
24962
24979
24979
25052
25156
25244
25277
25498
25564
25603
25639
25678
25793
25814
25931
25982
26032
26054
26108
26190
26238
26433
26577
26701
26786
26803
26832
26844
26903
26963
27034
27064
27119
27123
27147
27192
27263
27406
27548
27701
27737
27792
27798
27838
28033
28156
28176
28284
28303
28368
28399
28515
28628
28674
28723
28727
28752
28791
28884
28945
29019
29036
29080
29168
29293
29460
29464
29476
29595
29663
29701
29851
29882
29892
29939
29964
29985
30046
30055
30067
30089
30160
30178
30195
30229
30247
30283
30453
30516
30543
30604
30627
30630
30680
30753
30770
30789
30814
30852
30892
30946
30959
30982
31077
31223
31236
31256
31312
31400
31430
31497
31537
31686
31732
31736
31756
31827
31827
31912
31985
31998
32105
32119
32128
32200
32221
32234
32315
32377
32436
32483
32486
32556
32573
32573
32609
32667
32670
