1000
32670
32667
32609
32573
32573
32556
32486
32483
32436
32377
32315
32234
32221
32200
32128
32119
32105
31998
31985
31912
31827
31827
31756
31736
31732
31686
31537
31497
31430
31400
31312
31256
31236
31223
31077
30982
30959
30946
30892
30852
30814
30789
30770
30753
30680
30630
30627
30604
30543
30516
30453
30283
30247
30229
30195
30178
30160
30089
30067
30055
30046
29985
29964
29939
29892
29882
29851
29701
29663
29595
29476
29464
29460
29293
29168
29080
29036
29019
28945
28884
28791
28752
28727
28723
28674
28628
28515
28399
28368
28303
28284
28176
28156
28033
27838
27798
27792
27737
27701
27548
27406
27263
27192
27147
27123
27119
27064
27034
26963
26903
26844
26832
26803
26786
26701
26577
26433
26238
26190
26108
26054
26032
25982
25931
25814
25793
25678
25639
25603
25564
25498
25277
25244
25156
25052
24979
24979
24962
24864
24840
24631
24613
24382
24367
24345
24281
24240
24232
24180
24165
24084
24068
24052
23999
23955
23903
23847
23828
23758
23729
23629
23610
23410
23398
23383
23322
23305
23289
22657
22648
22486
22438
22430
22296
22135
22107
22051
21982
21937
21886
21855
21818
21751
21732
21610
21576
21473
21366
21303
21298
21262
21190
20960
20956
20925
20916
20811
20784
20778
20731
20579
20508
20482
20445
20310
20276
20213
20068
20004
19896
19836
19778
19708
19658
19604
19590
19563
19553
19541
19465
19349
19291
19127
19087
18973
18931
18921
18849
18822
18697
18691
18651
18607
18571
18524
18442
18423
18395
18381
18343
18324
18321
18289
18284
18152
18061
18013
17876
17743
17646
17577
17552
17540
17529
17524
17504
17362
17286
17259
17239
17138
17129
17068
17013
16891
16890
16885
16869
16756
16731
16363
16231
16179
16026
15996
15905
15877
15725
15718
15665
15625
15563
15416
15416
15288
15144
15081
15073
15031
15010
14767
14726
14693
14689
14686
14678
14569
14526
14503
14343
14341
14231
14175
14132
14128
14076
14060
14043
13905
13887
13875
13794
13689
13361
13254
13188
13080
13079
13012
12857
12685
12672
12539
12478
12340
12288
12283
12195
12178
12156
12113
11847
11833
11760
11693
11576
11437
11270
11258
11241
11198
11182
11091
11073
10995
10990
10951
10940
10918
10845
10741
10715
10596
10453
10451
10359
10273
10263
10208
10166
10161
10134
10122
9984
9970
9919
9588
9564
9520
9149
8939
8920
8818
8744
8701
8549
8401
8401
8398
8370
8271
8250
8246
8211
8197
8187
8164
8040
7996
7862
7714
7644
7617
7467
7292
7226
7181
7177
7142
7122
7069
6896
6838
6785
6739
6441
6391
6356
6319
6142
6129
6124
6065
6031
5960
5807
5774
5639
5575
5526
5469
5462
5458
5457
5425
5423
5387
5227
5172
5120
5030
5022
4726
4573
4551
4513
4509
4485
4410
4403
4259
4228
4179
4149
4137
3996
3960
3943
3881
3672
3586
3586
3557
3542
3533
3502
3332
3206
3119
3086
3070
2814
2803
2782
2641
2631
2623
2580
2543
2532
2478
2416
2339
2260
2005
1984
1974
1969
1966
1951
1880
1879
1820
1819
1735
1666
1549
1512
1430
1398
1368
1351
1339
1333
1308
1268
1240
1204
1195
1187
1080
1031
1017
1010
941
827
799
789
753
655
612
590
508
410
318
303
302
185
160
112
-4
-38
-76
-144
-198
-239
-306
-323
-371
-380
-487
-504
-518
-535
-538
-542
-555
-627
-689
-767
-775
-835
-965
-975
-1118
-1204
-1405
-1424
-1559
-1639
-1805
-1848
-1893
-2009
-2022
-2099
-2141
-2192
-2198
-2354
-2462
-2466
-2548
-2740
-2948
-2963
-3013
-3076
-3114
-3200
-3328
-3337
-3370
-3659
-3703
-3751
-3786
-3824
-3922
-3950
-4045
-4088
-4193
-4283
-4283
-4309
-4396
-4495
-4502
-4667
-4684
-4785
-4807
-4987
-5003
-5139
-5173
-5176
-5203
-5238
-5332
-5459
-5566
-5627
-5704
-5725
-5800
-5821
-6096
-6205
-6276
-6359
-6438
-6598
-6683
-6741
-6748
-6761
-6823
-6899
-6987
-7152
-7157
-7348
-7362
-7469
-7497
-7654
-7683
-7894
-7930
-8058
-8059
-8074
-8145
-8226
-8379
-8452
-8453
-8499
-8511
-8672
-8736
-8891
-8934
-8978
-9034
-9051
-9170
-9261
-9267
-9352
-9398
-9502
-9585
-9613
-9618
-9620
-9654
-9741
-9853
-9911
-9940
-9970
-10009
-10029
-10055
-10073
-10075
-10132
-10367
-10373
-10381
-10543
-10660
-10688
-10750
-10843
-10844
-10852
-10857
-10881
-11004
-11113
-11173
-11173
-11184
-11436
-11463
-11747
-11804
-11828
-11867
-11871
-12010
-12030
-12118
-12165
-12366
-12492
-12664
-12758
-12787
-12827
-12900
-12901
-12921
-12929
-12958
-12981
-13045
-13171
-13230
-13281
-13405
-13522
-13578
-13592
-13668
-13843
-13883
-14000
-14004
-14014
-14084
-14120
-14124
-14154
-14243
-14248
-14311
-14354
-14406
-14423
-14432
-14464
-14470
-14499
-14686
-14720
-14761
-14780
-14909
-14923
-14981
-14994
-15071
-15120
-15157
-15212
-15232
-15268
-15307
-15355
-15512
-15575
-15678
-15758
-15795
-15834
-15855
-16084
-16214
-16302
-16491
-16502
-16513
-16616
-16618
-16625
-16735
-16769
-16793
-16866
-16896
-16926
-17096
-17147
-17167
-17372
-17476
-17509
-17553
-17802
-17970
-17976
-18019
-18108
-18149
-18236
-18308
-18347
-18357
-18399
-18491
-18501
-18522
-18566
-18573
-18593
-18604
-18647
-18752
-18769
-18890
-18910
-19017
-19029
-19067
-19070
-19072
-19073
-19144
-19184
-19187
-19320
-19343
-19394
-19545
-19629
-19654
-19672
-19846
-19879
-19883
-19890
-19892
-19941
-19976
-20016
-20034
-20042
-20076
-20193
-20275
-20310
-20388
-20467
-20514
-20724
-20820
-20991
-21003
-21064
-21084
-21098
-21139
-21266
-21273
-21353
-21490
-21511
-21523
-21650
-21736
-21809
-22059
-22148
-22181
-22207
-22254
-22493
-22527
-22585
-22596
-22808
-22896
-23036
-23042
-23077
-23362
-23471
-23599
-23622
-23758
-23770
-23845
-23924
-24063
-24078
-24086
-24127
-24160
-24271
-24346
-24383
-24407
-24447
-24562
-24686
-24706
-24720
-24733
-24737
-24825
-24852
-24876
-24956
-25030
-25090
-25098
-25224
-25236
-25238
-25473
-25555
-25668
-25715
-25833
-25854
-25911
-26034
-26057
-26078
-26224
-26260
-26306
-26319
-26358
-26361
-26468
-26478
-26547
-26600
-26849
-26999
-27048
-27108
-27300
-27546
-27589
-27596
-27710
-27729
-27740
-27788
-27881
-28059
-28101
-28177
-28437
-28649
-28735
-28758
-28770
-28794
-29078
-29094
-29102
-29178
-29290
-29295
-29372
-29381
-29701
-30070
-30136
-30171
-30181
-30245
-30292
-30320
-30324
-30672
-30676
-30688
-30693
-30713
-30869
-30886
-31136
-31292
-31451
-31461
-31464
-31500
-31550
-31558
-31708
-31815
-31881
-31938
-31946
-31959
-31989
-32074
-32076
-32173
-32191
-32313
-32338
-32350
-32412
-32417
-32534
-32590
-32600
-32698
-32730
-32760
