1000
2543
-9398
-3200
3557
-1893
17068
-8511
28752
-4987
18607
10940
-12901
-24271
10273
-12492
-31989
24840
7644
-27729
20811
-10381
-9613
-8226
1368
-32590
11760
13361
-19545
14231
20916
-15268
3533
16756
23305
-4193
24165
-30693
15288
26786
-20514
11833
-8453
-12664
28156
-30245
-25911
-23770
11073
31736
13875
-32173
10161
-24407
19541
12113
-19184
20925
8920
21732
1333
160
-14720
8401
-18399
-22527
-32338
21937
3960
21190
185
-25236
12857
-30713
5423
29892
13254
-15855
-31558
-8145
25639
508
31430
-19017
-23362
-11173
21818
-24876
5227
-19976
14686
-31959
3881
-1559
21303
-29295
-14014
13794
17552
4137
11182
-5627
2478
10166
-8058
11437
-11867
-16896
-27788
-16302
29985
6129
-371
-28735
-9741
1549
29019
26832
-4502
10918
9919
-32076
2631
-487
16363
10453
-775
-2740
29882
11198
-1405
26190
25498
23383
-31451
19553
12288
-323
23410
22657
20310
-6438
-23599
-31938
-835
32486
4149
19127
-38
-239
27147
18284
18849
-20820
-14423
18061
8197
-5173
2416
-14154
17362
-7469
16891
1879
1512
-4785
-31500
-17509
-10750
-12118
-8452
4410
8211
410
-7894
10451
-535
-30869
-26224
17529
-21003
22051
25564
-14761
3996
31256
-28770
-7348
18442
-10857
-9620
-25555
-9654
20004
-10367
30229
15010
-19883
31732
7177
-14464
-16625
799
-24733
14726
-11804
-3703
30453
10596
10208
-29102
17286
-15157
7226
-5332
-19890
-20724
24084
-13281
-25030
2641
-4088
19590
-19187
-31292
-26034
2803
32573
-12981
-26999
8744
13080
12283
-15758
29293
5120
-11871
19836
-11828
-16793
-627
-9853
24068
-22207
3586
26577
-23845
31312
24382
-21098
-380
-13843
-1639
24345
-24086
6739
789
31497
23322
-9618
-24562
4228
941
4551
19604
18321
-12165
25982
28628
4573
-32534
-29094
-16084
23903
-11463
-6598
2005
24864
14689
20482
29036
-19073
20960
2623
-3950
-18566
-14909
-19320
29080
-32191
31827
30178
-22896
-14470
-18308
-6276
10845
612
-23471
-11747
-30136
-26547
28515
5774
-965
-18236
-6899
-6761
21751
26108
21982
6896
-20467
16231
-12827
9149
753
19778
-1118
-31461
17646
12156
16869
22135
-10055
2580
26903
-21809
-30181
-32074
-25715
-6359
27838
303
22430
-30676
1308
-25238
-18149
-21139
31077
-20991
21262
1204
1984
30604
-7497
1187
-24346
28303
-13405
-10373
-5459
10134
5639
-12010
-26361
13012
18324
-32412
-5238
24613
30089
-14084
14043
-19654
17138
-10543
-5725
32573
20068
-12958
30195
32670
11576
30680
-14780
18013
-16214
-3337
-9034
26433
12478
21610
-18501
-2192
1031
-24127
-24160
-21353
-28059
-18593
22438
-26319
1351
-22585
-24825
6838
25931
-4309
7996
19658
13887
-24737
-24686
-15071
7714
3206
25814
30630
-28758
32105
-16769
-23042
-4045
-15120
6065
6785
-16491
30753
1951
-27048
31537
-24063
-29078
-3114
-30292
1966
28033
-2948
6441
32234
28176
7181
20784
30959
-10881
-18573
31985
32609
1969
14076
10359
18395
-15307
4513
5457
-18491
30543
-17096
19896
14678
-29701
4403
23289
24052
-555
-7157
-18752
-24383
-32313
-20275
31236
30982
-14499
-14311
-27596
-30886
-15355
14343
1268
26032
18822
-12787
20778
22486
-8978
11693
-4396
18381
-18604
32119
28884
-20016
-8736
-13230
-16866
-15232
17129
8040
5387
11847
-3786
18921
11258
22648
32221
1820
26844
1819
15563
31827
-3013
-4283
-14981
9588
4726
-19941
-24447
3943
25052
1080
8549
-23758
19349
26963
2339
6391
-20193
-2009
-32417
-26849
-29290
-28177
30046
19563
-14243
318
-13578
1240
-19892
15416
-12758
19708
27548
-25090
10990
8187
-13668
23999
27406
-22596
14767
-10029
-17970
-20076
-29372
29168
4509
827
18524
-14406
-21511
31400
-144
20956
2260
17524
-5800
14128
30892
15665
9564
-4684
28791
-6205
23398
21366
15081
18931
-21084
-2198
-30070
30516
18152
-3659
23847
-6748
-24956
1195
-25854
-17553
7292
-10075
25156
-21736
-9051
29939
18697
13079
-6741
29964
10995
1010
14132
-198
-5821
20445
3086
-24720
5469
-16502
8818
7122
-18522
8701
-25833
-23036
27263
5030
-18910
8401
-20034
-16513
-15795
-4667
-11004
11270
-32698
-29178
17013
17239
-14000
19465
11091
-31136
3672
-4807
-4495
30283
30067
5462
-689
3586
24962
-5003
5022
5425
32377
-542
9520
15073
17504
-14120
-2963
24240
17743
-767
-32600
-26260
-25224
17876
12685
20508
7617
10951
-19070
-504
32128
-19343
30055
4179
-7683
-14686
-13171
24180
27192
-15834
25603
21855
1974
-7654
-15512
31998
19087
14526
3119
8271
-8074
-26358
-3751
-19144
1017
-2548
13905
-13883
16885
30160
-306
-19072
-29381
-18647
-538
17577
-2022
9970
6124
-19846
-2466
-12921
-31708
30789
-17167
4485
-5704
-9970
-14994
24367
-10132
15031
-30171
2814
-11184
-1805
15905
-23924
-19672
6142
26238
-21273
-30672
-26057
-18890
-17802
13188
27034
-15212
27798
-15678
-1424
-30320
26701
28723
29663
32556
27119
-27108
-27881
-8672
10122
-28437
-11113
-21490
-8379
25277
14693
20579
-10009
-9502
22107
17540
302
-22059
-76
11241
-27300
-6987
-12900
23828
5526
-8934
-1204
-9352
-16735
-10843
28945
24232
12672
-31550
-5566
14341
7142
18289
-4
14060
28399
21473
-26078
-16618
23955
8246
31223
9984
12340
27737
-24078
-17476
23610
-25098
3502
18571
27123
6356
-16616
20731
21886
-26306
-9267
7467
12539
29460
-31464
-31946
23758
10263
12178
-9911
-975
-20310
-27710
-19029
1430
31686
-13522
-13045
16026
10715
5575
-5139
18423
29851
-17372
-2354
30770
-2141
5172
-27740
31912
-10073
-5203
-9261
10741
-11173
19291
-2099
-10844
-19879
-31881
5960
16179
-8499
6031
-9585
-27546
-14004
12195
-19067
15625
-12030
-3328
14569
6319
20276
-22493
-21650
25793
1666
30814
-22808
-10660
24631
-31815
-6096
-10688
-21064
-20042
18691
7069
8939
-18769
18343
27064
29701
-19394
-3824
3070
655
-24852
15725
590
-2462
-16926
24979
-14124
-1848
-18108
15877
-30688
28674
-11436
-12366
-8891
4259
25244
16731
30852
30247
15416
13689
23629
-26478
-21523
-8059
-7152
-28794
14175
-3370
-4283
21576
-27589
15718
-22181
15996
29464
32436
-23077
29595
5458
-518
-7930
2532
3332
-18357
27792
8398
30946
-25473
30627
-15575
23729
15144
-32760
7862
32483
-18019
2782
8164
-6683
-14354
32667
28368
22296
-19629
-20388
31756
-14923
-32730
-10852
-26468
16890
18973
32200
-23622
5807
28284
24979
-17976
-24706
8370
-14432
29476
3542
1339
-30324
-9940
1398
18651
28727
-5176
21298
-17147
-22254
1880
-14248
-18347
25678
-28101
26054
112
24281
14503
-26600
27701
20213
-32350
-12929
-3922
-7362
8250
32315
-25668
-3076
17259
-6823
-9170
1735
-22148
-21266
-13592
26803
-28649
