10000
-32768
-32761
-32755
-32752
-32742
-32741
-32740
-32740
-32730
-32722
-32719
-32716
-32709
-32709
-32708
-32704
-32702
-32701
-32700
-32697
-32692
-32691
-32690
-32675
-32666
-32658
-32645
-32643
-32641
-32633
-32633
-32629
-32628
-32622
-32616
-32609
-32601
-32600
-32592
-32590
-32590
-32583
-32578
-32575
-32566
-32565
-32558
-32556
-32552
-32545
-32544
-32540
-32529
-32526
-32518
-32504
-32502
-32502
-32501
-32485
-32477
-32466
-32451
-32443
-32430
-32424
-32419
-32401
-32388
-32385
-32378
-32373
-32347
-32346
-32329
-32328
-32328
-32320
-32319
-32300
-32289
-32289
-32278
-32275
-32271
-32267
-32261
-32252
-32248
-32242
-32241
-32234
-32234
-32219
-32218
-32216
-32212
-32211
-32206
-32203
-32178
-32176
-32174
-32169
-32167
-32146
-32144
-32144
-32140
-32113
-32092
-32091
-32084
-32083
-32083
-32081
-32073
-32058
-32056
-32054
-32036
-32031
-32028
-32027
-32025
-32015
-32011
-32011
-31993
-31992
-31983
-31981
-31965
-31955
-31954
-31938
-31938
-31934
-31931
-31928
-31903
-31893
-31890
-31884
-31864
-31834
-31823
-31821
-31810
-31805
-31803
-31803
-31784
-31770
-31767
-31764
-31757
-31753
-31751
-31745
-31741
-31717
-31712
-31695
-31682
-31660
-31650
-31645
-31643
-31641
-31635
-31633
-31628
-31609
-31598
-31582
-31572
-31565
-31561
-31557
-31549
-31527
-31510
-31505
-31495
-31472
-31444
-31442
-31432
-31416
-31413
-31399
-31398
-31388
-31374
-31366
-31360
-31353
-31351
-31343
-31330
-31328
-31323
-31308
-31303
-31288
-31280
-31275
-31268
-31265
-31262
-31260
-31260
-31259
-31245
-31241
-31236
-31223
-31216
-31210
-31201
-31191
-31188
-31162
-31145
-31139
-31135
-31123
-31123
-31108
-31101
-31078
-31070
-31065
-31061
-31060
-31052
-31051
-31049
-31036
-31023
-31016
-31010
-31009
-31005
-31001
-30993
-30990
-30985
-30972
-30968
-30965
-30957
-30941
-30933
-30930
-30928
-30921
-30918
-30906
-30898
-30896
-30875
-30872
-30872
-30864
-30857
-30832
-30823
-30815
-30811
-30811
-30809
-30806
-30796
-30792
-30786
-30770
-30761
-30756
-30729
-30699
-30696
-30692
-30687
-30680
-30676
-30658
-30657
-30640
-30636
-30633
-30630
-30626
-30618
-30611
-30599
-30593
-30578
-30573
-30573
-30570
-30568
-30549
-30548
-30541
-30523
-30522
-30520
-30520
-30498
-30495
-30491
-30489
-30481
-30479
-30478
-30453
-30452
-30451
-30446
-30437
-30424
-30403
-30400
-30392
-30384
-30367
-30354
-30352
-30348
-30347
-30343
-30339
-30333
-30331
-30327
-30317
-30308
-30304
-30291
-30284
-30276
-30268
-30260
-30258
-30255
-30243
-30232
-30227
-30226
-30222
-30215
-30212
-30182
-30177
-30177
-30175
-30174
-30171
-30163
-30131
-30130
-30126
-30122
-30111
-30100
-30097
-30086
-30078
-30076
-30074
-30073
-30070
-30067
-30026
-30019
-30008
-30008
-30007
-30004
-29986
-29980
-29978
-29977
-29969
-29939
-29938
-29933
-29932
-29920
-29918
-29915
-29888
-29886
-29879
-29868
-29858
-29855
-29848
-29840
-29835
-29834
-29832
-29831
-29828
-29827
-29818
-29817
-29817
-29814
-29805
-29802
-29799
-29796
-29794
-29792
-29789
-29780
-29763
-29751
-29744
-29739
-29731
-29728
-29727
-29711
-29710
-29706
-29694
-29682
-29681
-29671
-29665
-29659
-29652
-29645
-29638
-29638
-29630
-29610
-29609
-29607
-29606
-29606
-29606
-29581
-29572
-29569
-29542
-29537
-29536
-29535
-29534
-29531
-29524
-29518
-29514
-29506
-29504
-29493
-29490
-29484
-29466
-29464
-29459
-29451
-29443
-29427
-29426
-29422
-29421
-29413
-29407
-29386
-29386
-29383
-29383
-29372
-29371
-29366
-29364
-29358
-29357
-29355
-29342
-29340
-29339
-29339
-29335
-29333
-29322
-29321
-29304
-29292
-29284
-29283
-29276
-29276
-29263
-29250
-29247
-29235
-29230
-29226
-29222
-29221
-29212
-29202
-29199
-29193
-29190
-29186
-29182
-29181
-29176
-29156
-29154
-29152
-29145
-29143
-29143
-29138
-29131
-29125
-29122
-29115
-29104
-29086
-29081
-29074
-29072
-29067
-29066
-29065
-29062
-29060
-29053
-29042
-29037
-29036
-29029
-29023
-29012
-29008
-29005
-29004
-29002
-28995
-28995
-28987
-28985
-28972
-28971
-28971
-28970
-28955
-28954
-28943
-28928
-28924
-28922
-28919
-28905
-28893
-28887
-28885
-28880
-28877
-28868
-28860
-28854
-28852
-28843
-28839
-28836
-28823
-28818
-28814
-28812
-28803
-28792
-28779
-28777
-28774
-28762
-28761
-28759
-28758
-28757
-28757
-28753
-28752
-28751
-28750
-28733
-28732
-28710
-28709
-28702
-28698
-28696
-28694
-28694
-28690
-28690
-28674
-28669
-28651
-28651
-28648
-28634
-28631
-28624
-28610
-28608
-28607
-28586
-28586
-28580
-28573
-28550
-28534
-28521
-28517
-28514
-28508
-28495
-28489
-28489
-28487
-28473
-28468
-28466
-28449
-28448
-28444
-28444
-28430
-28428
-28424
-28423
-28422
-28418
-28418
-28409
-28408
-28404
-28392
-28387
-28384
-28372
-28350
-28340
-28328
-28327
-28313
-28304
-28303
-28299
-28292
-28288
-28286
-28284
-28278
-28265
-28260
-28255
-28226
-28221
-28220
-28219
-28214
-28203
-28200
-28193
-28188
-28177
-28166
-28149
-28147
-28146
-28137
-28122
-28119
-28114
-28111
-28109
-28101
-28098
-28096
-28094
-28087
-28086
-28084
-28081
-28069
-28069
-28068
-28065
-28063
-28045
-28043
-28039
-28033
-28019
-28014
-28008
-27998
-27998
-27990
-27987
-27983
-27981
-27976
-27974
-27973
-27967
-27956
-27951
-27939
-27923
-27921
-27921
-27919
-27917
-27915
-27907
-27902
-27902
-27900
-27897
-27892
-27891
-27887
-27884
-27883
-27866
-27846
-27845
-27842
-27838
-27832
-27831
-27826
-27826
-27823
-27821
-27821
-27819
-27807
-27789
-27780
-27778
-27775
-27775
-27757
-27756
-27756
-27741
-27731
-27729
-27727
-27724
-27722
-27721
-27715
-27714
-27709
-27697
-27681
-27680
-27673
-27655
-27654
-27645
-27641
-27641
-27637
-27624
-27619
-27615
-27609
-27607
-27600
-27582
-27581
-27572
-27567
-27550
-27548
-27546
-27546
-27542
-27536
-27535
-27532
-27529
-27529
-27526
-27525
-27525
-27514
-27488
-27481
-27481
-27474
-27474
-27472
-27462
-27445
-27443
-27439
-27437
-27435
-27434
-27430
-27425
-27419
-27395
-27394
-27392
-27381
-27373
-27371
-27369
-27368
-27349
-27343
-27343
-27339
-27335
-27333
-27319
-27309
-27295
-27292
-27275
-27274
-27257
-27253
-27250
-27248
-27245
-27240
-27240
-27235
-27225
-27209
-27207
-27205
-27199
-27194
-27173
-27171
-27155
-27153
-27153
-27150
-27137
-27134
-27131
-27127
-27124
-27120
-27119
-27118
-27107
-27088
-27087
-27085
-27077
-27075
-27074
-27053
-27049
-27035
-27010
-27005
-27001
-26998
-26995
-26985
-26975
-26960
-26956
-26956
-26929
-26928
-26927
-26924
-26921
-26903
-26893
-26879
-26875
-26870
-26861
-26860
-26855
-26851
-26836
-26835
-26816
-26809
-26806
-26802
-26801
-26798
-26786
-26783
-26776
-26773
-26771
-26769
-26766
-26766
-26752
-26751
-26748
-26745
-26742
-26740
-26727
-26727
-26715
-26704
-26702
-26698
-26693
-26687
-26687
-26685
-26672
-26670
-26658
-26649
-26644
-26633
-26619
-26618
-26613
-26612
-26608
-26601
-26597
-26580
-26578
-26577
-26573
-26562
-26562
-26555
-26553
-26551
-26538
-26534
-26533
-26533
-26501
-26498
-26478
-26473
-26470
-26465
-26461
-26457
-26452
-26443
-26438
-26395
-26390
-26387
-26365
-26362
-26344
-26343
-26340
-26334
-26321
-26319
-26317
-26316
-26314
-26312
-26307
-26274
-26263
-26255
-26245
-26244
-26236
-26226
-26211
-26196
-26194
-26162
-26160
-26160
-26156
-26156
-26142
-26141
-26136
-26126
-26124
-26124
-26118
-26117
-26090
-26089
-26087
-26080
-26074
-26070
-26062
-26060
-26058
-26051
-26039
-26024
-26016
-26012
-26008
-26007
-25995
-25992
-25991
-25982
-25980
-25978
-25971
-25970
-25962
-25932
-25930
-25918
-25916
-25914
-25910
-25889
-25881
-25881
-25879
-25877
-25864
-25863
-25858
-25857
-25850
-25850
-25846
-25803
-25800
-25799
-25797
-25790
-25780
-25769
-25767
-25762
-25760
-25741
-25736
-25734
-25732
-25731
-25719
-25708
-25708
-25680
-25662
-25659
-25650
-25640
-25636
-25634
-25627
-25624
-25622
-25621
-25610
-25599
-25591
-25573
-25550
-25541
-25539
-25538
-25536
-25535
-25535
-25510
-25507
-25507
-25480
-25467
-25461
-25451
-25449
-25446
-25440
-25435
-25413
-25401
-25394
-25387
-25386
-25369
-25366
-25359
-25351
-25351
-25349
-25348
-25347
-25336
-25312
-25311
-25311
-25309
-25296
-25296
-25293
-25290
-25287
-25281
-25280
-25275
-25266
-25264
-25263
-25262
-25245
-25230
-25229
-25227
-25220
-25220
-25214
-25210
-25209
-25202
-25193
-25192
-25182
-25178
-25175
-25158
-25145
-25138
-25135
-25129
-25103
-25088
-25062
-25061
-25057
-25056
-25043
-25041
-25026
-25009
-25008
-24996
-24993
-24990
-24986
-24985
-24980
-24977
-24973
-24966
-24963
-24949
-24943
-24933
-24926
-24917
-24909
-24906
-24905
-24903
-24901
-24893
-24891
-24884
-24882
-24881
-24875
-24872
-24858
-24852
-24852
-24840
-24835
-24825
-24818
-24815
-24808
-24808
-24807
-24805
-24802
-24801
-24799
-24795
-24791
-24778
-24758
-24751
-24746
-24728
-24728
-24725
-24701
-24697
-24697
-24694
-24688
-24687
-24677
-24670
-24667
-24662
-24653
-24652
-24644
-24641
-24635
-24629
-24628
-24628
-24624
-24615
-24606
-24603
-24596
-24586
-24582
-24572
-24567
-24554
-24552
-24549
-24549
-24545
-24545
-24503
-24500
-24491
-24482
-24480
-24469
-24463
-24462
-24441
-24427
-24419
-24403
-24403
-24400
-24399
-24397
-24396
-24382
-24372
-24369
-24361
-24360
-24359
-24358
-24348
-24343
-24337
-24323
-24319
-24308
-24306
-24305
-24304
-24296
-24291
-24284
-24281
-24280
-24268
-24266
-24258
-24251
-24244
-24240
-24232
-24229
-24201
-24199
-24199
-24195
-24181
-24174
-24167
-24162
-24160
-24155
-24147
-24147
-24132
-24131
-24123
-24118
-24117
-24099
-24094
-24092
-24088
-24077
-24072
-24068
-24051
-24045
-24044
-24043
-24034
-24027
-24027
-24026
-24022
-24018
-23999
-23994
-23990
-23986
-23975
-23969
-23960
-23958
-23954
-23947
-23933
-23922
-23915
-23909
-23903
-23893
-23892
-23892
-23890
-23890
-23884
-23876
-23868
-23867
-23856
-23855
-23845
-23842
-23824
-23819
-23793
-23790
-23779
-23774
-23774
-23773
-23768
-23756
-23746
-23731
-23729
-23727
-23725
-23710
-23700
-23696
-23686
-23664
-23652
-23647
-23639
-23638
-23638
-23635
-23627
-23626
-23621
-23618
-23612
-23611
-23610
-23608
-23602
-23594
-23586
-23581
-23581
-23578
-23576
-23566
-23552
-23546
-23531
-23523
-23514
-23513
-23512
-23503
-23500
-23497
-23492
-23490
-23487
-23486
-23483
-23479
-23451
-23448
-23446
-23442
-23441
-23426
-23425
-23416
-23416
-23413
-23393
-23391
-23375
-23371
-23359
-23344
-23340
-23338
-23336
-23330
-23328
-23323
-23319
-23318
-23314
-23294
-23277
-23275
-23257
-23254
-23232
-23221
-23216
-23213
-23212
-23207
-23196
-23196
-23196
-23190
-23186
-23181
-23179
-23175
-23169
-23166
-23154
-23145
-23144
-23139
-23136
-23134
-23133
-23124
-23122
-23116
-23114
-23112
-23108
-23107
-23101
-23100
-23087
-23086
-23079
-23071
-23048
-23047
-23036
-23032
-23030
-23029
-23023
-23017
-22999
-22995
-22991
-22986
-22981
-22971
-22971
-22971
-22959
-22955
-22943
-22925
-22917
-22911
-22889
-22880
-22874
-22871
-22868
-22866
-22861
-22860
-22846
-22840
-22838
-22827
-22806
-22800
-22785
-22769
-22763
-22758
-22739
-22736
-22730
-22728
-22721
-22720
-22717
-22713
-22698
-22686
-22679
-22659
-22647
-22646
-22640
-22626
-22622
-22622
-22617
-22601
-22595
-22594
-22584
-22576
-22538
-22534
-22526
-22524
-22515
-22505
-22480
-22478
-22478
-22457
-22448
-22420
-22419
-22415
-22398
-22395
-22394
-22384
-22383
-22380
-22377
-22376
-22362
-22358
-22350
-22347
-22339
-22336
-22331
-22325
-22321
-22320
-22319
-22318
-22317
-22316
-22313
-22295
-22280
-22273
-22272
-22271
-22268
-22263
-22262
-22258
-22253
-22251
-22249
-22239
-22234
-22228
-22228
-22217
-22206
-22202
-22188
-22188
-22186
-22184
-22177
-22168
-22159
-22156
-22154
-22150
-22145
-22134
-22126
-22116
-22114
-22111
-22096
-22095
-22093
-22074
-22061
-22061
-22059
-22057
-22040
-22025
-22018
-22005
-22004
-22003
-22000
-21996
-21991
-21986
-21979
-21978
-21966
-21965
-21963
-21951
-21937
-21933
-21931
-21926
-21919
-21911
-21908
-21902
-21885
-21883
-21883
-21881
-21879
-21876
-21869
-21864
-21863
-21849
-21839
-21829
-21828
-21828
-21810
-21809
-21805
-21799
-21796
-21778
-21764
-21764
-21760
-21732
-21731
-21724
-21718
-21708
-21706
-21690
-21667
-21662
-21648
-21648
-21647
-21634
-21634
-21630
-21617
-21617
-21615
-21603
-21600
-21593
-21591
-21591
-21577
-21561
-21559
-21547
-21537
-21513
-21509
-21497
-21492
-21473
-21468
-21468
-21466
-21462
-21461
-21458
-21453
-21447
-21444
-21440
-21422
-21421
-21396
-21394
-21392
-21379
-21369
-21359
-21351
-21349
-21340
-21319
-21312
-21310
-21309
-21284
-21278
-21277
-21270
-21270
-21267
-21260
-21252
-21251
-21251
-21245
-21244
-21237
-21233
-21230
-21223
-21212
-21193
-21175
-21172
-21164
-21164
-21160
-21152
-21142
-21140
-21135
-21132
-21131
-21127
-21120
-21116
-21104
-21101
-21094
-21062
-21051
-21050
-21048
-21041
-21040
-21031
-21030
-21019
-21016
-21016
-21010
-21000
-20991
-20979
-20977
-20974
-20965
-20964
-20942
-20940
-20940
-20934
-20931
-20927
-20927
-20925
-20921
-20921
-20918
-20913
-20899
-20891
-20880
-20879
-20876
-20870
-20858
-20856
-20852
-20850
-20849
-20844
-20835
-20829
-20825
-20815
-20813
-20811
-20810
-20809
-20791
-20776
-20769
-20761
-20759
-20745
-20745
-20744
-20744
-20735
-20734
-20722
-20718
-20717
-20713
-20711
-20695
-20691
-20674
-20656
-20655
-20646
-20637
-20622
-20620
-20613
-20606
-20604
-20602
-20601
-20601
-20601
-20600
-20597
-20596
-20591
-20590
-20582
-20580
-20577
-20564
-20555
-20549
-20547
-20546
-20543
-20540
-20533
-20531
-20523
-20522
-20517
-20494
-20491
-20490
-20485
-20465
-20465
-20458
-20450
-20445
-20441
-20431
-20431
-20429
-20425
-20424
-20415
-20401
-20397
-20384
-20384
-20380
-20379
-20377
-20367
-20360
-20355
-20353
-20348
-20346
-20339
-20327
-20324
-20304
-20292
-20286
-20285
-20282
-20270
-20270
-20269
-20242
-20234
-20222
-20209
-20207
-20201
-20195
-20186
-20184
-20183
-20178
-20175
-20163
-20159
-20144
-20123
-20115
-20112
-20105
-20097
-20097
-20093
-20076
-20055
-20049
-20047
-20042
-20033
-20027
-20021
-20019
-20006
-20006
-20002
-19994
-19990
-19990
-19980
-19979
-19975
-19963
-19956
-19953
-19935
-19934
-19929
-19927
-19923
-19919
-19907
-19893
-19885
-19878
-19868
-19860
-19851
-19846
-19845
-19842
-19837
-19837
-19835
-19833
-19823
-19818
-19816
-19812
-19800
-19798
-19796
-19783
-19766
-19759
-19755
-19728
-19721
-19721
-19708
-19708
-19707
-19706
-19705
-19689
-19680
-19676
-19668
-19668
-19666
-19659
-19653
-19650
-19642
-19636
-19634
-19621
-19611
-19605
-19602
-19601
-19595
-19585
-19578
-19575
-19573
-19572
-19569
-19565
-19564
-19555
-19553
-19551
-19548
-19537
-19517
-19517
-19514
-19510
-19492
-19481
-19470
-19464
-19464
-19463
-19456
-19444
-19441
-19439
-19439
-19423
-19422
-19420
-19417
-19413
-19411
-19406
-19394
-19392
-19374
-19361
-19359
-19359
-19354
-19352
-19341
-19328
-19322
-19321
-19318
-19310
-19303
-19298
-19295
-19284
-19274
-19267
-19265
-19258
-19253
-19240
-19239
-19238
-19232
-19229
-19228
-19219
-19216
-19207
-19205
-19203
-19192
-19182
-19177
-19164
-19160
-19153
-19153
-19147
-19141
-19131
-19128
-19125
-19120
-19102
-19096
-19089
-19089
-19074
-19073
-19069
-19065
-19057
-19034
-19028
-19027
-19024
-19023
-19002
-18997
-18979
-18975
-18972
-18968
-18965
-18955
-18942
-18941
-18923
-18907
-18894
-18883
-18863
-18861
-18861
-18857
-18857
-18842
-18840
-18831
-18828
-18818
-18796
-18795
-18789
-18785
-18774
-18763
-18758
-18757
-18754
-18748
-18745
-18704
-18702
-18697
-18693
-18692
-18691
-18680
-18666
-18664
-18662
-18659
-18656
-18651
-18650
-18646
-18645
-18639
-18636
-18634
-18628
-18627
-18609
-18608
-18600
-18598
-18580
-18579
-18578
-18574
-18568
-18568
-18567
-18563
-18561
-18560
-18543
-18538
-18538
-18524
-18521
-18520
-18518
-18513
-18507
-18504
-18495
-18485
-18472
-18468
-18451
-18447
-18419
-18418
-18417
-18402
-18383
-18368
-18367
-18366
-18360
-18359
-18351
-18348
-18344
-18334
-18329
-18328
-18312
-18309
-18306
-18301
-18300
-18279
-18278
-18277
-18271
-18270
-18265
-18262
-18241
-18217
-18207
-18189
-18188
-18184
-18182
-18168
-18159
-18152
-18131
-18131
-18126
-18117
-18114
-18113
-18110
-18107
-18106
-18105
-18102
-18080
-18061
-18042
-18040
-18036
-18036
-18029
-18029
-18021
-18013
-17987
-17987
-17978
-17977
-17974
-17969
-17962
-17960
-17957
-17953
-17949
-17937
-17918
-17918
-17909
-17900
-17899
-17897
-17897
-17895
-17886
-17885
-17883
-17875
-17859
-17850
-17846
-17836
-17831
-17828
-17826
-17825
-17824
-17816
-17814
-17797
-17794
-17785
-17779
-17759
-17753
-17750
-17748
-17743
-17737
-17731
-17730
-17727
-17721
-17707
-17704
-17701
-17698
-17697
-17685
-17676
-17658
-17655
-17655
-17650
-17640
-17635
-17633
-17633
-17626
-17609
-17600
-17593
-17590
-17582
-17579
-17535
-17516
-17515
-17505
-17504
-17499
-17496
-17490
-17488
-17484
-17476
-17466
-17460
-17443
-17429
-17428
-17426
-17420
-17407
-17402
-17402
-17397
-17395
-17388
-17385
-17381
-17377
-17361
-17342
-17341
-17323
-17313
-17312
-17309
-17309
-17307
-17303
-17269
-17260
-17251
-17248
-17233
-17232
-17223
-17215
-17196
-17189
-17186
-17186
-17183
-17183
-17179
-17179
-17172
-17162
-17156
-17155
-17141
-17097
-17090
-17082
-17071
-17060
-17059
-17058
-17057
-17055
-17049
-17048
-17047
-17044
-17031
-17029
-17029
-17026
-17019
-17018
-17006
-17005
-16998
-16985
-16979
-16976
-16966
-16965
-16962
-16948
-16944
-16943
-16910
-16899
-16893
-16889
-16888
-16882
-16878
-16877
-16872
-16872
-16868
-16867
-16865
-16862
-16861
-16856
-16855
-16850
-16842
-16835
-16828
-16826
-16813
-16811
-16806
-16803
-16799
-16780
-16767
-16767
-16758
-16758
-16757
-16754
-16743
-16741
-16735
-16734
-16727
-16725
-16712
-16684
-16680
-16675
-16670
-16657
-16650
-16648
-16634
-16622
-16617
-16612
-16602
-16589
-16583
-16582
-16581
-16575
-16575
-16565
-16562
-16545
-16528
-16523
-16512
-16512
-16497
-16487
-16482
-16482
-16480
-16468
-16465
-16462
-16452
-16444
-16442
-16441
-16440
-16439
-16418
-16416
-16416
-16406
-16385
-16374
-16370
-16364
-16360
-16354
-16353
-16345
-16335
-16322
-16309
-16290
-16282
-16282
-16273
-16272
-16271
-16269
-16255
-16246
-16243
-16241
-16240
-16207
-16186
-16184
-16168
-16161
-16157
-16153
-16135
-16131
-16128
-16110
-16110
-16109
-16106
-16102
-16098
-16093
-16088
-16077
-16075
-16065
-16056
-16051
-16048
-16042
-16039
-16037
-16013
-16013
-16006
-16002
-15991
-15979
-15974
-15966
-15961
-15954
-15953
-15946
-15945
-15944
-15940
-15936
-15932
-15924
-15923
-15922
-15917
-15912
-15897
-15896
-15895
-15894
-15885
-15883
-15881
-15876
-15867
-15856
-15849
-15827
-15824
-15819
-15812
-15799
-15798
-15791
-15785
-15769
-15759
-15758
-15751
-15748
-15745
-15744
-15739
-15700
-15699
-15695
-15693
-15692
-15689
-15674
-15673
-15671
-15668
-15660
-15656
-15652
-15650
-15647
-15646
-15642
-15628
-15624
-15614
-15608
-15607
-15602
-15594
-15591
-15586
-15582
-15577
-15570
-15561
-15561
-15558
-15557
-15552
-15543
-15535
-15524
-15519
-15515
-15498
-15494
-15491
-15469
-15457
-15441
-15431
-15419
-15407
-15400
-15395
-15391
-15390
-15385
-15367
-15357
-15355
-15354
-15342
-15341
-15339
-15338
-15317
-15312
-15308
-15293
-15293
-15289
-15282
-15275
-15272
-15266
-15251
-15231
-15228
-15220
-15219
-15217
-15213
-15207
-15206
-15202
-15202
-15192
-15190
-15187
-15180
-15179
-15175
-15172
-15116
-15101
-15092
-15087
-15083
-15060
-15054
-15030
-15029
-15024
-15023
-15012
-14993
-14991
-14977
-14966
-14954
-14953
-14943
-14943
-14938
-14937
-14935
-14931
-14928
-14918
-14913
-14904
-14892
-14887
-14886
-14873
-14870
-14870
-14869
-14869
-14865
-14865
-14861
-14856
-14853
-14840
-14840
-14839
-14832
-14832
-14817
-14810
-14805
-14798
-14795
-14779
-14761
-14756
-14755
-14752
-14739
-14736
-14733
-14731
-14730
-14724
-14706
-14700
-14687
-14685
-14685
-14675
-14655
-14651
-14649
-14644
-14642
-14636
-14634
-14633
-14625
-14623
-14621
-14621
-14615
-14604
-14596
-14560
-14556
-14547
-14529
-14523
-14523
-14516
-14510
-14505
-14502
-14489
-14486
-14479
-14477
-14469
-14469
-14469
-14465
-14459
-14459
-14444
-14442
-14423
-14423
-14420
-14418
-14402
-14401
-14401
-14397
-14389
-14386
-14381
-14372
-14368
-14367
-14332
-14332
-14331
-14329
-14327
-14324
-14322
-14312
-14311
-14310
-14307
-14293
-14291
-14282
-14281
-14274
-14273
-14272
-14272
-14264
-14257
-14249
-14245
-14235
-14232
-14230
-14217
-14211
-14203
-14195
-14193
-14192
-14184
-14177
-14165
-14164
-14161
-14152
-14148
-14126
-14121
-14117
-14104
-14096
-14086
-14072
-14071
-14050
-14046
-14040
-14031
-14030
-14019
-14015
-14005
-14004
-13999
-13988
-13987
-13985
-13982
-13979
-13976
-13974
-13973
-13960
-13953
-13953
-13949
-13944
-13943
-13942
-13937
-13930
-13925
-13915
-13904
-13885
-13882
-13879
-13868
-13866
-13861
-13822
-13821
-13816
-13814
-13812
-13800
-13791
-13785
-13781
-13770
-13762
-13755
-13744
-13731
-13729
-13724
-13721
-13713
-13703
-13701
-13696
-13694
-13692
-13669
-13666
-13659
-13649
-13649
-13647
-13639
-13625
-13623
-13605
-13597
-13594
-13585
-13581
-13576
-13573
-13572
-13568
-13564
-13547
-13539
-13536
-13536
-13525
-13521
-13512
-13509
-13506
-13497
-13487
-13480
-13469
-13466
-13463
-13460
-13459
-13457
-13439
-13433
-13427
-13422
-13419
-13415
-13404
-13396
-13394
-13363
-13359
-13347
-13342
-13338
-13332
-13329
-13326
-13311
-13311
-13307
-13303
-13302
-13302
-13297
-13288
-13278
-13251
-13248
-13211
-13207
-13197
-13191
-13191
-13190
-13188
-13186
-13181
-13177
-13174
-13169
-13158
-13144
-13142
-13139
-13133
-13130
-13129
-13129
-13128
-13125
-13125
-13123
-13123
-13108
-13106
-13102
-13101
-13097
-13094
-13086
-13082
-13072
-13068
-13058
-13057
-13054
-13048
-13046
-13023
-13022
-13010
-13005
-13004
-12987
-12981
-12980
-12976
-12973
-12970
-12963
-12962
-12959
-12958
-12957
-12956
-12954
-12946
-12946
-12939
-12916
-12906
-12904
-12893
-12882
-12879
-12873
-12868
-12866
-12855
-12854
-12850
-12827
-12826
-12825
-12820
-12802
-12795
-12776
-12769
-12763
-12760
-12754
-12749
-12737
-12734
-12732
-12731
-12716
-12713
-12691
-12685
-12680
-12680
-12675
-12674
-12665
-12664
-12660
-12652
-12651
-12643
-12639
-12626
-12624
-12610
-12605
-12588
-12584
-12569
-12566
-12566
-12554
-12546
-12544
-12541
-12540
-12537
-12520
-12518
-12517
-12505
-12501
-12501
-12501
-12498
-12489
-12484
-12479
-12458
-12447
-12423
-12416
-12410
-12409
-12405
-12402
-12393
-12355
-12343
-12333
-12330
-12325
-12311
-12309
-12305
-12298
-12292
-12291
-12278
-12272
-12272
-12265
-12261
-12260
-12229
-12219
-12218
-12188
-12179
-12178
-12177
-12170
-12153
-12145
-12135
-12132
-12128
-12123
-12110
-12103
-12090
-12086
-12070
-12053
-12049
-12043
-12039
-12032
-12024
-12000
-11996
-11988
-11983
-11982
-11978
-11960
-11957
-11956
-11940
-11935
-11935
-11933
-11926
-11921
-11906
-11902
-11900
-11898
-11888
-11887
-11882
-11879
-11877
-11873
-11868
-11866
-11865
-11863
-11859
-11851
-11847
-11845
-11831
-11827
-11819
-11815
-11812
-11811
-11797
-11788
-11785
-11784
-11775
-11772
-11771
-11765
-11755
-11746
-11744
-11744
-11736
-11735
-11728
-11725
-11717
-11713
-11706
-11700
-11700
-11699
-11698
-11697
-11695
-11691
-11685
-11685
-11677
-11667
-11658
-11635
-11632
-11625
-11625
-11623
-11621
-11620
-11620
-11614
-11604
-11587
-11581
-11576
-11575
-11569
-11567
-11547
-11546
-11536
-11530
-11520
-11519
-11513
-11512
-11511
-11510
-11499
-11499
-11497
-11480
-11480
-11480
-11480
-11475
-11474
-11473
-11469
-11440
-11440
-11439
-11438
-11428
-11418
-11417
-11405
-11387
-11384
-11381
-11375
-11365
-11357
-11339
-11335
-11320
-11320
-11302
-11302
-11297
-11294
-11293
-11291
-11265
-11246
-11244
-11238
-11237
-11237
-11234
-11223
-11217
-11211
-11204
-11203
-11201
-11195
-11189
-11179
-11168
-11165
-11161
-11160
-11157
-11155
-11153
-11152
-11147
-11144
-11139
-11131
-11130
-11129
-11121
-11117
-11083
-11066
-11065
-11064
-11056
-11050
-11038
-11038
-11036
-11029
-10992
-10991
-10985
-10981
-10964
-10952
-10950
-10948
-10947
-10947
-10943
-10940
-10923
-10923
-10921
-10916
-10913
-10913
-10909
-10901
-10890
-10887
-10884
-10880
-10871
-10858
-10851
-10846
-10837
-10835
-10827
-10822
-10798
-10796
-10794
-10794
-10786
-10783
-10775
-10761
-10735
-10720
-10719
-10718
-10718
-10700
-10700
-10691
-10690
-10679
-10674
-10673
-10660
-10653
-10647
-10647
-10641
-10639
-10637
-10631
-10628
-10611
-10611
-10610
-10607
-10600
-10593
-10590
-10584
-10582
-10581
-10556
-10545
-10543
-10543
-10536
-10532
-10531
-10526
-10525
-10512
-10510
-10491
-10482
-10476
-10475
-10462
-10459
-10438
-10434
-10434
-10434
-10431
-10430
-10424
-10415
-10411
-10409
-10395
-10390
-10389
-10382
-10375
-10373
-10353
-10348
-10342
-10339
-10330
-10329
-10315
-10295
-10286
-10277
-10271
-10268
-10263
-10259
-10253
-10251
-10245
-10244
-10236
-10233
-10215
-10206
-10206
-10206
-10195
-10179
-10175
-10174
-10159
-10158
-10153
-10152
-10144
-10141
-10126
-10078
-10076
-10071
-10070
-10060
-10044
-10042
-10029
-10010
-9989
-9988
-9984
-9982
-9954
-9952
-9944
-9941
-9940
-9936
-9932
-9922
-9920
-9915
-9912
-9911
-9911
-9899
-9892
-9888
-9886
-9885
-9878
-9872
-9868
-9865
-9865
-9855
-9854
-9854
-9852
-9843
-9838
-9834
-9823
-9819
-9817
-9786
-9784
-9777
-9775
-9773
-9773
-9768
-9746
-9742
-9738
-9726
-9726
-9725
-9722
-9707
-9705
-9692
-9683
-9666
-9654
-9653
-9652
-9651
-9647
-9647
-9607
-9604
-9595
-9592
-9575
-9570
-9566
-9565
-9558
-9531
-9527
-9522
-9516
-9510
-9509
-9506
-9503
-9502
-9499
-9494
-9493
-9493
-9485
-9483
-9473
-9457
-9455
-9442
-9436
-9433
-9428
-9422
-9394
-9391
-9372
-9358
-9357
-9323
-9316
-9309
-9298
-9295
-9291
-9290
-9286
-9285
-9275
-9275
-9270
-9269
-9262
-9262
-9256
-9252
-9250
-9246
-9245
-9236
-9236
-9200
-9198
-9193
-9192
-9192
-9181
-9177
-9173
-9160
-9160
-9156
-9147
-9138
-9133
-9131
-9129
-9126
-9121
-9111
-9109
-9089
-9084
-9060
-9050
-9037
-9030
-9030
-9027
-9017
-9008
-9007
-8992
-8991
-8990
-8984
-8982
-8981
-8973
-8969
-8962
-8961
-8947
-8941
-8940
-8939
-8936
-8933
-8925
-8922
-8913
-8909
-8895
-8892
-8865
-8862
-8848
-8844
-8841
-8831
-8828
-8825
-8803
-8791
-8787
-8785
-8783
-8779
-8764
-8757
-8757
-8756
-8752
-8748
-8746
-8744
-8744
-8737
-8731
-8726
-8714
-8696
-8694
-8693
-8692
-8685
-8678
-8668
-8667
-8667
-8657
-8648
-8644
-8632
-8618
-8594
-8593
-8585
-8584
-8574
-8558
-8549
-8533
-8517
-8517
-8511
-8501
-8472
-8472
-8470
-8460
-8452
-8445
-8439
-8438
-8436
-8432
-8422
-8408
-8405
-8387
-8384
-8379
-8373
-8364
-8360
-8334
-8326
-8319
-8302
-8290
-8290
-8289
-8280
-8271
-8255
-8253
-8248
-8238
-8225
-8217
-8216
-8213
-8213
-8209
-8204
-8201
-8198
-8198
-8195
-8181
-8181
-8180
-8174
-8172
-8171
-8171
-8132
-8124
-8120
-8106
-8105
-8104
-8082
-8078
-8065
-8047
-8040
-8040
-8031
-8030
-8010
-8002
-7999
-7989
-7978
-7978
-7973
-7969
-7957
-7943
-7943
-7924
-7922
-7906
-7903
-7903
-7895
-7876
-7867
-7853
-7851
-7836
-7830
-7825
-7822
-7812
-7811
-7808
-7803
-7790
-7784
-7772
-7759
-7754
-7750
-7728
-7727
-7717
-7708
-7694
-7687
-7672
-7672
-7670
-7670
-7658
-7658
-7649
-7645
-7632
-7625
-7624
-7609
-7594
-7588
-7588
-7568
-7567
-7561
-7553
-7545
-7533
-7516
-7516
-7510
-7505
-7492
-7485
-7477
-7470
-7469
-7463
-7455
-7450
-7450
-7449
-7442
-7437
-7428
-7428
-7423
-7422
-7401
-7398
-7395
-7383
-7378
-7358
-7352
-7344
-7342
-7340
-7335
-7334
-7333
-7324
-7317
-7310
-7310
-7304
-7302
-7297
-7287
-7285
-7280
-7276
-7276
-7271
-7262
-7261
-7260
-7250
-7247
-7241
-7235
-7232
-7228
-7227
-7220
-7218
-7213
-7211
-7211
-7194
-7190
-7186
-7186
-7184
-7177
-7171
-7170
-7169
-7166
-7162
-7157
-7154
-7145
-7145
-7145
-7139
-7133
-7127
-7126
-7120
-7117
-7097
-7096
-7091
-7085
-7076
-7072
-7069
-7068
-7064
-7057
-7055
-7052
-7033
-7032
-7026
-7022
-7014
-7008
-7006
-7004
-7001
-6990
-6981
-6981
-6970
-6967
-6965
-6964
-6962
-6960
-6955
-6947
-6939
-6928
-6921
-6918
-6905
-6886
-6884
-6880
-6850
-6848
-6842
-6831
-6831
-6830
-6815
-6808
-6805
-6801
-6795
-6791
-6789
-6755
-6752
-6752
-6751
-6747
-6736
-6736
-6714
-6709
-6688
-6682
-6677
-6673
-6667
-6663
-6651
-6625
-6624
-6598
-6585
-6583
-6583
-6579
-6566
-6565
-6562
-6560
-6558
-6557
-6549
-6540
-6539
-6536
-6535
-6535
-6526
-6521
-6516
-6508
-6505
-6500
-6494
-6492
-6491
-6490
-6487
-6485
-6477
-6472
-6468
-6459
-6459
-6450
-6442
-6440
-6434
-6413
-6412
-6402
-6396
-6390
-6379
-6374
-6359
-6358
-6356
-6348
-6331
-6330
-6329
-6328
-6321
-6321
-6316
-6308
-6304
-6296
-6294
-6291
-6288
-6280
-6268
-6259
-6258
-6257
-6251
-6235
-6228
-6225
-6223
-6218
-6215
-6207
-6202
-6194
-6186
-6177
-6172
-6170
-6168
-6165
-6165
-6148
-6144
-6144
-6143
-6141
-6138
-6129
-6127
-6122
-6122
-6104
-6102
-6093
-6087
-6078
-6077
-6068
-6059
-6057
-6056
-6055
-6052
-6046
-6046
-6045
-6029
-6026
-6026
-6018
-5969
-5955
-5946
-5945
-5938
-5931
-5928
-5924
-5918
-5918
-5917
-5912
-5908
-5906
-5895
-5894
-5885
-5883
-5882
-5873
-5870
-5866
-5857
-5856
-5855
-5851
-5833
-5822
-5819
-5818
-5813
-5803
-5789
-5786
-5784
-5772
-5768
-5758
-5755
-5752
-5729
-5723
-5723
-5719
-5701
-5696
-5694
-5687
-5687
-5686
-5683
-5683
-5681
-5675
-5671
-5657
-5654
-5649
-5644
-5641
-5623
-5618
-5612
-5608
-5606
-5592
-5587
-5582
-5577
-5573
-5567
-5566
-5563
-5559
-5559
-5547
-5547
-5538
-5538
-5537
-5534
-5531
-5516
-5512
-5499
-5492
-5486
-5483
-5468
-5468
-5454
-5444
-5440
-5421
-5396
-5390
-5390
-5387
-5369
-5366
-5364
-5330
-5319
-5316
-5306
-5297
-5283
-5276
-5265
-5262
-5259
-5245
-5238
-5230
-5210
-5208
-5199
-5180
-5165
-5164
-5160
-5144
-5121
-5120
-5115
-5107
-5106
-5099
-5080
-5080
-5079
-5074
-5069
-5055
-5052
-5044
-5039
-5022
-5020
-5019
-5019
-5014
-5010
-4987
-4964
-4957
-4938
-4938
-4923
-4917
-4915
-4907
-4904
-4900
-4899
-4887
-4886
-4880
-4872
-4844
-4825
-4812
-4803
-4801
-4796
-4793
-4767
-4754
-4747
-4746
-4727
-4725
-4725
-4724
-4719
-4696
-4685
-4682
-4664
-4641
-4641
-4631
-4629
-4628
-4628
-4627
-4625
-4595
-4584
-4582
-4582
-4580
-4570
-4569
-4549
-4540
-4539
-4533
-4526
-4515
-4514
-4509
-4501
-4500
-4488
-4472
-4472
-4470
-4466
-4462
-4455
-4454
-4450
-4426
-4421
-4420
-4419
-4417
-4406
-4406
-4396
-4388
-4371
-4339
-4334
-4331
-4322
-4319
-4306
-4297
-4286
-4279
-4276
-4265
-4265
-4259
-4242
-4239
-4238
-4236
-4230
-4228
-4226
-4224
-4223
-4222
-4217
-4210
-4201
-4201
-4199
-4190
-4184
-4171
-4170
-4167
-4167
-4154
-4153
-4150
-4146
-4130
-4117
-4113
-4101
-4074
-4074
-4072
-4070
-4063
-4057
-4047
-4036
-4022
-4021
-4017
-3990
-3985
-3966
-3965
-3936
-3930
-3928
-3910
-3895
-3891
-3888
-3887
-3879
-3879
-3868
-3843
-3841
-3838
-3821
-3819
-3817
-3802
-3799
-3788
-3788
-3785
-3772
-3769
-3759
-3755
-3732
-3720
-3717
-3701
-3659
-3658
-3652
-3652
-3639
-3635
-3631
-3624
-3617
-3615
-3611
-3597
-3597
-3592
-3583
-3561
-3542
-3541
-3535
-3534
-3523
-3510
-3509
-3503
-3501
-3499
-3497
-3491
-3489
-3488
-3486
-3473
-3470
-3466
-3456
-3455
-3453
-3442
-3438
-3415
-3395
-3392
-3388
-3386
-3384
-3372
-3370
-3366
-3362
-3355
-3354
-3343
-3341
-3340
-3330
-3328
-3328
-3327
-3305
-3295
-3276
-3272
-3270
-3259
-3256
-3245
-3238
-3236
-3233
-3232
-3218
-3213
-3204
-3201
-3197
-3187
-3187
-3185
-3183
-3181
-3175
-3169
-3168
-3154
-3154
-3151
-3137
-3131
-3129
-3105
-3068
-3067
-3058
-3056
-3056
-3046
-3046
-3040
-3039
-3037
-3017
-2995
-2993
-2985
-2979
-2977
-2977
-2942
-2939
-2935
-2924
-2914
-2901
-2899
-2884
-2883
-2878
-2866
-2860
-2859
-2857
-2822
-2815
-2808
-2788
-2787
-2778
-2774
-2761
-2754
-2746
-2739
-2736
-2736
-2724
-2722
-2712
-2707
-2692
-2688
-2684
-2684
-2680
-2680
-2679
-2678
-2672
-2659
-2657
-2650
-2648
-2646
-2644
-2643
-2639
-2635
-2633
-2614
-2611
-2611
-2603
-2600
-2597
-2589
-2571
-2569
-2569
-2568
-2561
-2561
-2560
-2555
-2554
-2542
-2541
-2538
-2534
-2529
-2511
-2507
-2505
-2490
-2490
-2489
-2487
-2484
-2481
-2478
-2467
-2467
-2465
-2463
-2462
-2456
-2451
-2451
-2449
-2439
-2437
-2435
-2434
-2419
-2409
-2409
-2408
-2402
-2402
-2383
-2380
-2377
-2373
-2365
-2364
-2364
-2343
-2330
-2327
-2326
-2323
-2315
-2312
-2312
-2305
-2293
-2293
-2259
-2252
-2252
-2229
-2221
-2198
-2193
-2193
-2184
-2172
-2165
-2163
-2163
-2156
-2153
-2150
-2144
-2133
-2103
-2101
-2095
-2092
-2092
-2087
-2086
-2079
-2068
-2055
-2039
-2036
-2034
-2032
-2022
-1996
-1983
-1980
-1976
-1940
-1936
-1926
-1903
-1902
-1900
-1883
-1877
-1876
-1875
-1871
-1845
-1843
-1842
-1839
-1839
-1833
-1820
-1820
-1816
-1806
-1794
-1791
-1790
-1787
-1786
-1783
-1775
-1767
-1767
-1751
-1745
-1741
-1740
-1737
-1735
-1730
-1725
-1722
-1719
-1717
-1700
-1691
-1686
-1677
-1675
-1673
-1670
-1667
-1659
-1658
-1649
-1649
-1648
-1627
-1624
-1623
-1618
-1615
-1608
-1602
-1595
-1594
-1585
-1579
-1575
-1574
-1563
-1545
-1537
-1532
-1528
-1493
-1486
-1480
-1477
-1465
-1465
-1462
-1461
-1437
-1417
-1411
-1390
-1386
-1381
-1370
-1363
-1356
-1343
-1322
-1317
-1313
-1312
-1298
-1286
-1286
-1286
-1268
-1261
-1260
-1254
-1251
-1249
-1248
-1248
-1245
-1242
-1235
-1234
-1228
-1220
-1217
-1213
-1213
-1208
-1197
-1185
-1180
-1175
-1161
-1154
-1153
-1145
-1138
-1099
-1098
-1090
-1088
-1085
-1085
-1080
-1069
-1066
-1055
-1047
-1044
-1043
-1033
-1032
-1028
-1014
-1006
-986
-984
-974
-965
-953
-946
-943
-921
-906
-904
-900
-891
-890
-882
-873
-848
-845
-842
-839
-838
-829
-828
-808
-801
-796
-795
-790
-789
-789
-774
-773
-771
-769
-768
-765
-763
-758
-757
-753
-733
-731
-724
-721
-717
-716
-712
-703
-697
-694
-656
-645
-642
-638
-635
-634
-630
-629
-623
-618
-617
-616
-615
-614
-588
-576
-570
-566
-553
-542
-538
-538
-531
-529
-526
-512
-501
-495
-489
-487
-484
-480
-477
-472
-463
-450
-449
-441
-439
-431
-423
-412
-411
-403
-403
-402
-395
-390
-390
-388
-375
-371
-364
-356
-334
-333
-328
-320
-306
-292
-292
-284
-283
-283
-280
-272
-269
-263
-262
-262
-258
-249
-244
-235
-228
-220
-207
-206
-201
-201
-191
-191
-187
-183
-177
-163
-157
-152
-145
-134
-124
-122
-115
-114
-100
-98
-92
-84
-77
-73
-68
-63
-61
-45
-45
-41
-37
-34
-29
-22
-22
-20
-19
-8
-1
0
1
18
27
27
40
48
54
58
60
61
75
78
78
82
85
85
91
91
94
114
116
126
137
138
138
148
150
151
164
173
174
176
176
177
180
183
201
202
203
210
213
213
214
216
217
226
246
247
253
260
261
264
265
266
268
272
281
286
292
298
308
309
315
323
336
348
355
372
377
378
385
386
386
409
411
412
418
419
438
438
444
466
469
470
491
492
494
495
508
510
514
534
539
543
557
562
563
566
567
569
579
580
586
588
597
605
612
624
633
635
641
647
649
655
672
673
706
707
711
713
717
725
736
741
741
753
756
756
774
776
796
801
803
818
822
845
850
855
864
870
880
888
905
911
914
917
917
929
930
939
943
948
956
973
986
990
990
992
995
1001
1008
1016
1016
1021
1035
1042
1048
1058
1069
1069
1071
1074
1087
1102
1103
1103
1106
1126
1133
1139
1142
1162
1164
1180
1193
1197
1198
1202
1209
1211
1213
1215
1216
1240
1256
1264
1266
1268
1279
1289
1298
1299
1300
1300
1312
1313
1317
1319
1325
1331
1333
1335
1335
1353
1375
1376
1380
1393
1412
1417
1433
1449
1450
1466
1473
1480
1484
1485
1492
1501
1507
1513
1520
1542
1549
1556
1556
1561
1561
1563
1570
1570
1576
1585
1585
1588
1592
1612
1624
1640
1665
1667
1686
1689
1700
1718
1737
1741
1755
1765
1767
1773
1792
1793
1796
1799
1814
1825
1839
1848
1865
1869
1869
1875
1879
1882
1885
1886
1887
1891
1897
1905
1911
1916
1927
1933
1950
1951
1964
1975
1976
1981
1991
1997
2001
2002
2021
2034
2038
2056
2071
2073
2077
2083
2088
2090
2092
2095
2097
2101
2108
2116
2121
2124
2131
2132
2133
2146
2164
2166
2168
2180
2185
2187
2193
2194
2198
2199
2205
2216
2218
2238
2238
2244
2246
2251
2255
2262
2273
2281
2289
2294
2305
2310
2322
2327
2330
2337
2343
2348
2366
2376
2380
2385
2390
2398
2400
2401
2404
2404
2414
2416
2421
2423
2427
2432
2435
2454
2454
2457
2460
2460
2464
2473
2474
2486
2487
2488
2492
2503
2522
2530
2538
2543
2553
2553
2566
2570
2574
2593
2597
2597
2598
2600
2604
2622
2629
2630
2631
2633
2637
2642
2657
2664
2670
2670
2673
2684
2686
2687
2692
2705
2707
2710
2717
2720
2724
2731
2736
2747
2749
2754
2767
2775
2791
2802
2802
2825
2828
2830
2834
2840
2840
2847
2851
2856
2858
2869
2875
2897
2901
2903
2905
2915
2916
2928
2938
2951
2959
2961
2970
2975
2983
2985
2985
2994
2997
3000
3003
3015
3019
3020
3038
3048
3060
3061
3064
3069
3070
3074
3078
3096
3099
3101
3104
3112
3118
3120
3128
3145
3151
3154
3155
3157
3160
3162
3165
3167
3170
3171
3177
3177
3200
3201
3205
3208
3209
3230
3231
3231
3232
3241
3249
3253
3269
3285
3286
3290
3291
3310
3317
3319
3343
3359
3366
3369
3373
3383
3384
3386
3388
3390
3410
3425
3430
3436
3438
3445
3445
3452
3461
3469
3479
3488
3488
3499
3508
3514
3518
3519
3521
3524
3539
3566
3567
3568
3574
3579
3581
3597
3602
3602
3617
3632
3641
3641
3654
3655
3663
3664
3679
3682
3686
3690
3695
3695
3710
3710
3721
3724
3727
3728
3738
3739
3740
3750
3760
3772
3794
3798
3799
3799
3804
3821
3827
3831
3837
3844
3845
3869
3870
3879
3890
3892
3895
3896
3903
3903
3905
3907
3920
3921
3926
3928
3942
3942
3959
3967
3978
3982
3984
3990
3995
3996
3997
4013
4013
4020
4032
4034
4040
4043
4044
4053
4066
4067
4079
4079
4085
4100
4101
4105
4106
4107
4117
4121
4127
4131
4137
4140
4143
4145
4146
4149
4150
4168
4169
4184
4189
4193
4199
4202
4203
4215
4217
4222
4231
4235
4241
4242
4243
4245
4249
4256
4267
4269
4269
4283
4291
4297
4300
4300
4302
4305
4314
4316
4329
4331
4337
4346
4362
4366
4369
4372
4374
4393
4403
4407
4433
4437
4457
4462
4462
4472
4474
4477
4484
4518
4520
4541
4541
4554
4560
4572
4577
4577
4582
4603
4613
4614
4617
4623
4632
4645
4648
4656
4658
4667
4671
4694
4696
4703
4708
4714
4714
4716
4718
4719
4739
4747
4750
4755
4759
4784
4799
4802
4805
4813
4814
4827
4845
4847
4848
4850
4852
4869
4871
4873
4885
4888
4889
4889
4891
4902
4910
4927
4928
4935
4945
4946
4952
4957
4959
4970
4974
4975
4979
4983
4984
4986
4997
5001
5008
5012
5016
5024
5035
5036
5039
5042
5050
5071
5071
5071
5084
5087
5094
5098
5099
5107
5108
5108
5112
5128
5131
5132
5134
5145
5163
5168
5169
5170
5181
5184
5186
5202
5219
5220
5227
5234
5234
5245
5257
5258
5258
5260
5271
5272
5280
5289
5289
5291
5297
5306
5321
5323
5336
5341
5353
5364
5365
5409
5425
5425
5429
5436
5444
5453
5471
5476
5477
5485
5491
5491
5500
5500
5503
5514
5518
5521
5527
5527
5539
5543
5551
5574
5574
5591
5604
5613
5618
5627
5627
5630
5637
5639
5644
5647
5651
5654
5655
5658
5664
5671
5677
5687
5688
5692
5695
5695
5698
5701
5707
5710
5715
5719
5719
5721
5728
5749
5760
5768
5776
5797
5813
5814
5824
5842
5845
5849
5859
5863
5876
5878
5888
5900
5907
5922
5936
5941
5942
5959
5981
5983
5995
5996
5997
5999
5999
6008
6017
6027
6030
6033
6036
6045
6079
6097
6098
6101
6106
6107
6109
6110
6115
6138
6142
6144
6150
6160
6179
6193
6200
6205
6213
6252
6256
6272
6282
6283
6284
6288
6304
6305
6305
6314
6315
6317
6323
6326
6334
6346
6353
6357
6372
6372
6382
6390
6391
6401
6403
6409
6414
6415
6425
6427
6430
6450
6451
6460
6464
6469
6475
6489
6491
6491
6492
6494
6503
6508
6533
6534
6537
6538
6551
6552
6557
6557
6569
6576
6586
6589
6591
6594
6597
6601
6604
6610
6623
6629
6632
6637
6638
6639
6648
6650
6655
6655
6662
6669
6701
6701
6704
6710
6712
6713
6716
6737
6756
6759
6783
6785
6799
6800
6808
6809
6809
6822
6834
6836
6837
6839
6844
6854
6858
6864
6865
6868
6872
6877
6880
6886
6887
6888
6915
6928
6928
6943
6950
6957
6960
6963
6968
6971
6975
6977
6981
6983
7002
7002
7005
7011
7022
7026
7027
7038
7041
7041
7058
7065
7082
7100
7102
7105
7112
7123
7138
7157
7161
7164
7169
7171
7172
7174
7178
7187
7188
7190
7191
7193
7198
7204
7211
7219
7239
7244
7247
7251
7252
7255
7259
7274
7279
7312
7321
7331
7339
7343
7347
7350
7351
7357
7364
7372
7379
7393
7401
7403
7423
7429
7435
7448
7464
7473
7476
7484
7490
7493
7498
7498
7505
7506
7510
7543
7546
7548
7567
7570
7572
7576
7578
7583
7585
7595
7613
7614
7637
7639
7657
7665
7666
7666
7671
7672
7679
7683
7684
7689
7689
7696
7700
7703
7708
7715
7722
7741
7755
7756
7767
7775
7775
7777
7792
7796
7798
7804
7823
7826
7826
7832
7837
7840
7845
7847
7857
7863
7872
7878
7882
7884
7895
7897
7898
7900
7904
7940
7941
7947
7951
7951
7972
7987
8000
8003
8005
8006
8018
8021
8028
8032
8032
8035
8060
8064
8074
8090
8094
8102
8110
8115
8117
8121
8121
8122
8127
8130
8138
8138
8140
8145
8147
8160
8167
8198
8205
8213
8215
8219
8235
8238
8240
8258
8262
8265
8270
8271
8274
8275
8280
8287
8288
8296
8303
8309
8310
8312
8315
8319
8327
8328
8332
8338
8339
8342
8342
8352
8368
8379
8397
8403
8411
8421
8421
8435
8435
8438
8440
8446
8450
8457
8458
8459
8460
8478
8481
8487
8497
8510
8511
8515
8518
8536
8539
8554
8555
8559
8562
8585
8587
8594
8602
8628
8628
8629
8637
8638
8639
8642
8659
8668
8679
8687
8701
8702
8719
8721
8723
8728
8731
8732
8737
8754
8758
8759
8767
8774
8777
8787
8794
8797
8803
8806
8808
8808
8809
8811
8817
8820
8822
8827
8833
8837
8841
8849
8849
8850
8857
8857
8866
8867
8871
8872
8883
8887
8887
8896
8898
8906
8909
8913
8917
8919
8921
8923
8926
8929
8939
8942
8947
8947
8952
8954
8960
8964
8972
8980
8985
8988
8989
9001
9004
9010
9010
9012
9022
9029
9045
9048
9056
9071
9094
9100
9101
9101
9107
9123
9128
9131
9136
9136
9146
9152
9156
9158
9165
9174
9178
9185
9185
9197
9201
9211
9216
9224
9229
9231
9241
9242
9245
9247
9249
9254
9255
9258
9262
9269
9276
9283
9284
9289
9304
9309
9311
9321
9326
9328
9337
9340
9341
9352
9354
9366
9369
9374
9395
9398
9413
9422
9425
9446
9467
9469
9473
9476
9476
9481
9486
9500
9519
9536
9539
9543
9544
9545
9546
9561
9568
9571
9577
9588
9593
9631
9640
9640
9643
9658
9664
9664
9681
9716
9723
9726
9731
9739
9750
9757
9761
9788
9789
9805
9806
9806
9814
9816
9830
9834
9836
9841
9853
9854
9854
9854
9864
9867
9870
9900
9902
9907
9916
9919
9923
9934
9939
9948
9963
9965
9970
9971
9977
9978
9979
9985
9986
9994
9998
10006
10007
10015
10023
10025
10031
10035
10046
10049
10050
10069
10071
10079
10079
10083
10098
10099
10101
10105
10107
10113
10113
10115
10117
10118
10118
10128
10132
10138
10167
10173
10178
10180
10183
10197
10202
10208
10210
10215
10239
10243
10246
10253
10258
10261
10274
10300
10312
10320
10324
10334
10338
10341
10346
10347
10348
10350
10355
10357
10360
10371
10383
10399
10400
10401
10402
10403
10421
10423
10431
10432
10447
10447
10452
10454
10461
10480
10481
10496
10496
10499
10505
10508
10510
10511
10520
10527
10535
10535
10553
10560
10564
10571
10576
10582
10584
10587
10592
10594
10600
10621
10630
10634
10638
10640
10640
10645
10649
10660
10683
10688
10721
10747
10753
10753
10759
10762
10773
10792
10796
10798
10810
10816
10817
10819
10834
10837
10853
10854
10872
10890
10897
10897
10919
10932
10985
10997
11003
11010
11026
11037
11047
11066
11069
11077
11081
11096
11107
11116
11136
11139
11142
11151
11151
11158
11166
11168
11170
11184
11189
11194
11199
11200
11205
11208
11209
11212
11215
11219
11223
11232
11238
11244
11246
11248
11258
11259
11261
11262
11263
11264
11265
11271
11274
11278
11280
11298
11299
11305
11310
11314
11329
11331
11331
11332
11338
11342
11347
11377
11378
11378
11386
11386
11387
11389
11414
11415
11417
11439
11443
11447
11455
11460
11461
11480
11485
11493
11501
11507
11514
11523
11528
11532
11540
11541
11551
11551
11557
11557
11577
11583
11587
11599
11600
11601
11602
11603
11629
11630
11635
11636
11640
11641
11669
11680
11680
11681
11682
11683
11687
11701
11702
11705
11705
11708
11710
11711
11712
11714
11717
11733
11747
11765
11768
11773
11811
11818
11826
11845
11850
11880
11886
11907
11916
11921
11924
11930
11931
11937
11951
11951
11954
11958
11960
11967
11975
11976
11977
11982
11984
11988
12001
12006
12006
12008
12014
12024
12029
12037
12041
12042
12043
12045
12063
12065
12070
12081
12082
12089
12093
12097
12099
12113
12114
12115
12118
12122
12124
12126
12127
12129
12133
12143
12143
12157
12168
12173
12177
12180
12191
12192
12198
12200
12211
12217
12224
12225
12230
12235
12255
12257
12266
12277
12282
12319
12319
12319
12335
12336
12347
12349
12354
12359
12368
12375
12382
12391
12398
12405
12414
12419
12421
12422
12432
12442
12462
12465
12476
12489
12495
12496
12501
12504
12511
12515
12518
12537
12544
12557
12570
12572
12577
12582
12587
12591
12591
12594
12596
12597
12626
12629
12632
12634
12643
12652
12654
12658
12658
12664
12671
12674
12674
12679
12681
12689
12690
12692
12695
12696
12697
12700
12718
12721
12727
12733
12749
12766
12776
12790
12811
12817
12822
12826
12837
12839
12853
12854
12856
12861
12863
12864
12864
12875
12889
12891
12922
12934
12936
12937
12950
12954
12978
12982
12987
12988
12991
12994
12997
13018
13022
13026
13038
13039
13052
13055
13057
13057
13062
13067
13077
13083
13084
13096
13108
13109
13116
13122
13124
13135
13141
13144
13144
13154
13154
13165
13171
13172
13196
13196
13198
13199
13200
13200
13202
13203
13231
13235
13241
13242
13249
13251
13261
13274
13276
13278
13283
13295
13299
13303
13313
13318
13326
13326
13337
13346
13349
13355
13389
13402
13407
13415
13423
13427
13431
13431
13436
13456
13462
13475
13477
13482
13484
13490
13496
13503
13510
13516
13528
13533
13536
13544
13545
13548
13549
13556
13560
13564
13565
13569
13570
13588
13596
13623
13627
13645
13646
13655
13663
13664
13687
13688
13691
13691
13703
13711
13720
13727
13729
13731
13736
13740
13747
13749
13752
13760
13762
13766
13782
13792
13795
13796
13803
13809
13814
13818
13826
13839
13842
13845
13850
13854
13860
13864
13871
13871
13872
13874
13886
13887
13891
13899
13914
13921
13930
13936
13938
13939
13949
13957
13958
13960
13977
13983
13989
13992
14008
14015
14019
14022
14026
14032
14037
14043
14043
14046
14046
14051
14051
14051
14053
14057
14082
14084
14089
14091
14111
14112
14114
14118
14127
14131
14140
14146
14151
14170
14185
14186
14198
14198
14199
14201
14203
14209
14215
14219
14226
14236
14237
14238
14253
14270
14273
14274
14284
14294
14302
14314
14315
14320
14322
14328
14329
14331
14336
14337
14360
14361
14364
14377
14384
14389
14399
14407
14407
14413
14416
14417
14420
14423
14433
14436
14442
14459
14460
14465
14472
14472
14477
14478
14481
14489
14492
14492
14507
14516
14519
14526
14540
14541
14545
14555
14558
14569
14579
14583
14590
14596
14599
14599
14600
14613
14614
14629
14630
14633
14645
14648
14654
14659
14661
14673
14681
14682
14699
14702
14712
14718
14721
14730
14737
14746
14747
14748
14750
14758
14759
14767
14768
14769
14773
14781
14787
14801
14820
14832
14835
14867
14873
14889
14891
14897
14897
14902
14909
14910
14912
14927
14933
14934
14937
14940
14947
14952
14972
14976
14981
14989
14997
15012
15021
15022
15027
15029
15029
15035
15035
15055
15059
15061
15064
15064
15070
15080
15080
15087
15089
15098
15100
15101
15102
15103
15114
15137
15139
15143
15157
15168
15170
15171
15177
15184
15184
15185
15193
15195
15197
15198
15200
15204
15204
15206
15212
15213
15216
15222
15226
15231
15236
15237
15240
15241
15244
15249
15254
15264
15273
15273
15282
15287
15290
15296
15314
15317
15330
15335
15341
15343
15350
15356
15357
15357
15378
15386
15387
15389
15393
15395
15404
15420
15422
15422
15427
15428
15429
15435
15436
15445
15445
15453
15462
15465
15478
15487
15498
15515
15526
15535
15536
15538
15541
15553
15577
15578
15578
15594
15597
15602
15603
15605
15610
15613
15621
15621
15628
15634
15651
15652
15660
15664
15667
15673
15683
15689
15702
15705
15711
15715
15716
15718
15742
15754
15761
15761
15772
15774
15775
15778
15778
15784
15790
15797
15802
15815
15835
15840
15847
15857
15864
15871
15885
15892
15913
15924
15926
15928
15933
15938
15940
15946
15950
15957
15961
15970
15976
15978
15981
15983
15986
15987
16013
16014
16017
16023
16027
16028
16030
16038
16044
16049
16063
16068
16073
16092
16097
16102
16119
16121
16128
16137
16138
16143
16148
16149
16152
16154
16158
16162
16170
16181
16191
16199
16204
16205
16214
16216
16222
16224
16244
16245
16260
16261
16264
16273
16274
16275
16276
16282
16285
16313
16316
16321
16334
16341
16343
16348
16356
16369
16374
16376
16377
16377
16411
16411
16415
16422
16426
16427
16435
16436
16436
16444
16445
16455
16467
16467
16479
16504
16505
16506
16511
16520
16524
16536
16538
16538
16549
16555
16557
16559
16565
16565
16565
16578
16583
16586
16591
16600
16602
16603
16607
16607
16624
16628
16628
16630
16634
16637
16640
16640
16646
16647
16649
16651
16654
16661
16661
16662
16689
16692
16714
16717
16717
16736
16738
16742
16745
16755
16760
16761
16772
16775
16778
16785
16785
16795
16797
16810
16811
16832
16869
16871
16872
16875
16882
16895
16896
16899
16900
16900
16902
16906
16911
16916
16919
16920
16923
16933
16945
16950
16955
16956
16958
16970
16971
16977
16985
16986
16996
17029
17051
17073
17082
17100
17103
17106
17113
17116
17137
17143
17163
17163
17173
17176
17181
17185
17202
17203
17205
17217
17221
17225
17228
17228
17247
17253
17266
17272
17279
17287
17290
17295
17303
17311
17318
17323
17328
17334
17335
17337
17365
17372
17375
17376
17386
17395
17399
17399
17405
17411
17414
17416
17416
17437
17440
17443
17443
17444
17453
17458
17466
17477
17481
17481
17483
17486
17490
17498
17513
17514
17517
17528
17529
17539
17546
17547
17560
17568
17580
17582
17590
17593
17604
17606
17611
17623
17627
17630
17637
17648
17650
17673
17684
17685
17706
17714
17719
17721
17728
17732
17735
17741
17747
17751
17761
17764
17787
17795
17795
17801
17805
17811
17817
17836
17841
17842
17846
17852
17860
17872
17877
17888
17889
17905
17907
17923
17927
17942
17945
17955
17960
17961
17963
17964
17969
17973
17981
17991
17998
17999
18007
18012
18017
18024
18026
18026
18036
18047
18051
18059
18059
18061
18063
18068
18092
18092
18105
18112
18116
18122
18129
18134
18143
18153
18164
18180
18190
18191
18195
18201
18202
18218
18229
18236
18242
18244
18255
18270
18272
18273
18284
18290
18296
18298
18304
18306
18313
18313
18315
18329
18339
18344
18357
18358
18360
18369
18376
18396
18396
18397
18399
18405
18410
18424
18433
18434
18453
18461
18467
18472
18474
18479
18490
18495
18500
18522
18532
18534
18550
18550
18554
18578
18586
18598
18619
18623
18632
18638
18647
18652
18659
18663
18666
18682
18686
18689
18707
18708
18708
18708
18716
18720
18721
18726
18736
18748
18758
18758
18767
18784
18787
18791
18805
18805
18814
18815
18818
18820
18820
18829
18835
18835
18836
18847
18851
18854
18885
18898
18899
18906
18907
18914
18918
18920
18925
18925
18929
18933
18935
18942
18954
18960
18970
18982
18983
18987
18998
19005
19006
19007
19007
19007
19019
19022
19036
19053
19054
19056
19075
19097
19099
19113
19116
19125
19125
19134
19159
19163
19169
19174
19182
19210
19215
19226
19242
19244
19254
19260
19264
19271
19275
19296
19296
19319
19331
19344
19344
19346
19356
19371
19377
19386
19394
19397
19399
19400
19402
19411
19423
19431
19432
19435
19438
19441
19478
19485
19492
19499
19506
19535
19544
19551
19558
19576
19585
19592
19594
19601
19605
19607
19614
19618
19628
19646
19647
19657
19659
19672
19681
19683
19686
19703
19704
19705
19709
19711
19718
19724
19725
19728
19732
19739
19740
19752
19758
19759
19778
19779
19784
19786
19790
19798
19805
19815
19820
19821
19821
19834
19845
19848
19851
19852
19859
19868
19871
19882
19885
19885
19885
19886
19895
19901
19902
19903
19907
19907
19910
19913
19928
19929
19932
19941
19942
19954
19958
19980
19984
19996
20006
20006
20010
20021
20038
20044
20052
20063
20072
20080
20085
20088
20103
20104
20108
20109
20116
20121
20122
20134
20163
20163
20165
20167
20177
20180
20194
20202
20202
20209
20215
20235
20247
20248
20248
20253
20256
20266
20273
20283
20286
20305
20307
20312
20322
20331
20336
20336
20337
20340
20343
20346
20346
20348
20360
20372
20377
20396
20400
20405
20408
20421
20428
20432
20441
20444
20445
20447
20454
20467
20498
20515
20524
20527
20529
20535
20550
20565
20604
20604
20607
20614
20620
20630
20635
20639
20646
20648
20648
20653
20656
20671
20679
20683
20687
20697
20703
20706
20708
20710
20721
20722
20725
20748
20749
20758
20759
20764
20774
20786
20790
20792
20799
20805
20806
20809
20809
20818
20822
20836
20836
20841
20842
20855
20855
20858
20859
20869
20872
20887
20892
20893
20901
20918
20925
20934
20951
20959
20961
20981
20984
20992
20995
20999
21019
21022
21031
21034
21040
21042
21043
21051
21052
21056
21061
21067
21072
21085
21087
21093
21101
21102
21103
21109
21111
21116
21117
21119
21129
21134
21141
21146
21159
21162
21166
21177
21179
21180
21203
21208
21210
21244
21253
21274
21275
21291
21295
21300
21300
21307
21343
21364
21377
21379
21385
21403
21404
21412
21415
21419
21430
21433
21473
21483
21484
21486
21488
21503
21528
21528
21530
21531
21545
21549
21570
21573
21579
21603
21610
21614
21621
21622
21627
21630
21643
21647
21647
21648
21651
21654
21656
21662
21665
21672
21674
21690
21697
21712
21717
21721
21725
21730
21734
21748
21755
21759
21760
21763
21768
21768
21773
21776
21779
21780
21785
21785
21791
21792
21801
21812
21813
21823
21832
21842
21851
21869
21871
21874
21886
21887
21896
21901
21907
21909
21920
21921
21921
21922
21924
21927
21929
21932
21933
21958
21964
21968
21973
21976
21987
21994
21998
21999
21999
22009
22009
22016
22027
22031
22041
22061
22066
22079
22080
22088
22096
22098
22103
22110
22121
22125
22126
22132
22133
22134
22135
22175
22181
22185
22188
22197
22197
22199
22203
22212
22214
22224
22225
22231
22244
22248
22255
22261
22273
22288
22290
22310
22310
22315
22326
22334
22344
22356
22357
22366
22372
22377
22388
22395
22397
22401
22407
22414
22416
22418
22423
22424
22430
22467
22468
22471
22475
22483
22486
22489
22514
22514
22516
22523
22524
22529
22551
22555
22558
22566
22572
22575
22575
22579
22590
22603
22605
22606
22608
22613
22617
22621
22622
22625
22628
22630
22630
22634
22647
22658
22661
22666
22683
22688
22689
22694
22700
22708
22708
22709
22709
22719
22723
22736
22738
22738
22748
22748
22765
22766
22767
22772
22779
22787
22789
22807
22807
22812
22829
22830
22834
22837
22851
22875
22877
22889
22891
22892
22903
22908
22917
22920
22927
22932
22933
22939
22940
22944
22959
22966
22981
22996
23012
23016
23017
23025
23033
23037
23038
23040
23045
23063
23068
23069
23073
23076
23080
23090
23093
23103
23117
23118
23121
23121
23122
23124
23133
23140
23144
23148
23176
23185
23186
23194
23195
23219
23221
23240
23263
23270
23271
23280
23281
23294
23299
23312
23324
23326
23336
23354
23374
23387
23388
23391
23392
23401
23401
23408
23413
23421
23424
23442
23448
23451
23456
23463
23468
23492
23496
23498
23499
23502
23508
23521
23521
23525
23540
23541
23549
23557
23563
23568
23573
23577
23582
23592
23593
23597
23602
23607
23619
23623
23623
23626
23627
23645
23654
23675
23684
23693
23695
23706
23709
23714
23717
23720
23722
23726
23733
23736
23736
23738
23747
23770
23776
23778
23781
23784
23785
23798
23802
23812
23832
23833
23839
23840
23840
23840
23841
23842
23846
23848
23848
23858
23863
23868
23868
23902
23907
23908
23917
23921
23924
23931
23932
23942
23942
23950
23957
23960
23968
23987
24007
24010
24012
24014
24017
24018
24021
24031
24048
24048
24049
24058
24061
24066
24069
24076
24093
24096
24099
24102
24103
24111
24111
24122
24130
24135
24138
24148
24156
24159
24159
24163
24167
24190
24212
24213
24230
24246
24255
24263
24266
24266
24270
24276
24281
24283
24287
24308
24309
24311
24324
24325
24332
24343
24347
24355
24355
24359
24362
24384
24399
24467
24467
24500
24503
24504
24511
24513
24525
24532
24533
24535
24541
24544
24565
24575
24578
24587
24591
24597
24600
24601
24607
24608
24614
24615
24622
24624
24626
24633
24648
24653
24653
24657
24663
24664
24666
24681
24682
24685
24716
24733
24733
24735
24744
24751
24752
24761
24778
24780
24781
24789
24792
24793
24799
24802
24804
24816
24816
24819
24822
24823
24827
24832
24859
24862
24864
24864
24891
24892
24894
24898
24899
24908
24908
24912
24919
24924
24926
24933
24939
24955
24956
24970
24978
24979
24981
24992
24995
25005
25010
25023
25023
25028
25032
25035
25052
25055
25060
25062
25063
25064
25065
25076
25082
25084
25086
25088
25093
25100
25111
25141
25185
25186
25187
25192
25196
25198
25198
25203
25203
25203
25204
25216
25220
25221
25241
25249
25249
25256
25259
25260
25261
25263
25263
25266
25269
25275
25279
25300
25301
25307
25316
25326
25334
25336
25336
25339
25355
25360
25380
25383
25386
25387
25394
25397
25398
25399
25401
25405
25408
25411
25419
25426
25438
25442
25444
25444
25456
25460
25461
25472
25472
25473
25479
25481
25492
25502
25517
25517
25527
25531
25534
25559
25562
25565
25566
25568
25570
25584
25586
25588
25588
25612
25629
25635
25639
25640
25641
25644
25648
25664
25665
25674
25675
25687
25696
25701
25702
25705
25714
25724
25736
25739
25745
25747
25757
25759
25759
25763
25764
25766
25773
25779
25779
25783
25790
25790
25800
25814
25828
25832
25838
25844
25871
25875
25875
25880
25881
25882
25884
25886
25888
25891
25897
25903
25909
25914
25921
25926
25926
25929
25932
25941
25944
25946
25949
25951
25952
25954
25956
25961
25978
25986
25992
25994
25998
26000
26002
26004
26009
26020
26023
26028
26030
26031
26036
26037
26042
26057
26061
26064
26072
26073
26074
26077
26095
26108
26113
26125
26125
26130
26143
26149
26151
26153
26174
26177
26179
26179
26180
26184
26195
26197
26198
26199
26208
26209
26213
26217
26227
26249
26269
26272
26281
26283
26286
26297
26330
26331
26343
26345
26350
26352
26353
26357
26359
26366
26369
26371
26371
26374
26376
26384
26389
26394
26394
26396
26419
26424
26429
26440
26443
26447
26454
26457
26462
26467
26477
26482
26491
26498
26505
26510
26511
26516
26517
26521
26529
26531
26548
26566
26574
26589
26596
26600
26606
26616
26617
26626
26642
26668
26679
26683
26690
26706
26718
26720
26751
26759
26762
26763
26774
26781
26786
26796
26811
26824
26831
26831
26837
26839
26857
26858
26866
26871
26878
26882
26882
26890
26891
26897
26897
26899
26908
26910
26917
26921
26925
26930
26937
26942
26946
26962
26962
26977
26977
26981
26988
27002
27015
27016
27030
27032
27032
27046
27054
27055
27069
27071
27078
27089
27093
27096
27109
27109
27116
27116
27117
27119
27123
27142
27143
27147
27163
27170
27172
27176
27177
27186
27187
27194
27214
27228
27239
27239
27246
27246
27246
27246
27254
27256
27258
27268
27270
27274
27277
27289
27293
27293
27295
27302
27303
27303
27306
27321
27323
27323
27327
27339
27346
27356
27357
27379
27382
27387
27398
27399
27404
27412
27412
27413
27414
27414
27417
27421
27422
27441
27455
27456
27459
27464
27466
27468
27482
27483
27484
27488
27490
27508
27518
27520
27525
27528
27538
27539
27540
27549
27561
27567
27578
27579
27591
27601
27610
27612
27615
27627
27627
27629
27636
27644
27647
27649
27651
27655
27669
27681
27684
27685
27686
27686
27687
27689
27690
27705
27705
27708
27712
27733
27738
27742
27757
27761
27767
27768
27770
27772
27774
27781
27785
27785
27792
27795
27801
27804
27817
27819
27843
27843
27844
27850
27855
27868
27881
27885
27895
27909
27909
27919
27923
27924
27927
27939
27954
27955
27963
27979
27987
27988
27991
28001
28013
28015
28021
28021
28025
28025
28037
28063
28067
28076
28087
28102
28116
28124
28139
28139
28151
28153
28165
28171
28171
28172
28183
28183
28189
28203
28206
28208
28218
28220
28229
28246
28254
28256
28263
28264
28266
28283
28284
28285
28296
28301
28318
28335
28337
28340
28340
28354
28357
28360
28362
28362
28365
28366
28366
28370
28373
28373
28386
28389
28390
28393
28394
28402
28407
28409
28416
28423
28431
28433
28433
28433
28440
28444
28459
28469
28473
28474
28477
28494
28494
28496
28505
28521
28530
28530
28531
28533
28544
28552
28554
28562
28585
28591
28599
28610
28621
28636
28647
28654
28662
28666
28671
28676
28687
28701
28707
28716
28716
28717
28718
28726
28740
28753
28770
28776
28778
28778
28786
28791
28797
28807
28814
28815
28825
28825
28830
28833
28835
28840
28842
28845
28849
28853
28871
28871
28880
28886
28897
28905
28907
28916
28930
28938
28950
28955
28964
28965
28966
28967
28968
28972
28973
28974
28979
28982
28989
28991
28997
28998
29004
29010
29011
29021
29030
29035
29067
29079
29093
29101
29104
29108
29111
29119
29122
29127
29144
29164
29188
29192
29195
29208
29217
29220
29227
29238
29242
29254
29254
29254
29256
29261
29271
29272
29273
29277
29291
29293
29295
29295
29315
29317
29317
29344
29347
29350
29357
29361
29382
29385
29389
29401
29420
29421
29422
29438
29439
29440
29442
29471
29472
29476
29478
29484
29491
29502
29510
29511
29522
29527
29527
29527
29531
29532
29533
29535
29535
29546
29552
29556
29561
29566
29566
29573
29587
29591
29595
29596
29600
29606
29614
29619
29620
29625
29651
29652
29657
29669
29680
29690
29702
29708
29715
29728
29741
29743
29757
29768
29773
29780
29811
29813
29816
29836
29844
29848
29853
29854
29861
29863
29867
29907
29908
29912
29921
29924
29937
29940
29945
29955
29957
29980
29982
29994
30003
30017
30040
30048
30059
30059
30077
30082
30089
30090
30090
30096
30114
30124
30124
30128
30140
30142
30151
30153
30173
30177
30182
30193
30198
30198
30203
30209
30209
30218
30233
30244
30247
30254
30267
30276
30281
30286
30296
30303
30303
30316
30321
30327
30328
30330
30334
30334
30336
30341
30349
30356
30358
30362
30365
30383
30389
30396
30400
30407
30409
30410
30412
30412
30414
30426
30439
30444
30448
30450
30456
30459
30479
30498
30498
30502
30503
30506
30508
30511
30528
30532
30546
30546
30577
30578
30581
30582
30582
30586
30587
30588
30590
30594
30594
30613
30619
30621
30627
30647
30658
30671
30704
30710
30710
30711
30721
30727
30741
30772
30774
30788
30796
30812
30814
30818
30841
30857
30859
30892
30896
30901
30912
30917
30926
30936
30950
30950
30966
30984
30988
30992
31002
31008
31019
31025
31028
31039
31042
31043
31043
31052
31052
31061
31071
31071
31101
31107
31110
31124
31131
31133
31137
31150
31169
31171
31175
31180
31180
31181
31185
31190
31192
31194
31200
31206
31217
31219
31222
31224
31228
31229
31233
31234
31239
31242
31265
31266
31273
31275
31277
31283
31297
31310
31313
31314
31314
31315
31319
31321
31333
31343
31358
31377
31384
31391
31400
31403
31412
31428
31436
31439
31441
31445
31447
31447
31477
31484
31493
31495
31506
31506
31535
31538
31543
31554
31556
31557
31562
31564
31565
31567
31569
31578
31581
31584
31588
31594
31595
31610
31624
31626
31629
31630
31630
31634
31636
31636
31640
31651
31664
31672
31674
31676
31687
31691
31722
31726
31736
31737
31741
31745
31759
31771
31773
31781
31797
31802
31816
31816
31818
31820
31830
31835
31846
31854
31855
31857
31864
31879
31880
31882
31896
31904
31908
31908
31910
31919
31925
31930
31940
31941
31949
31951
31954
31956
31960
31972
31980
31991
31992
32004
32016
32020
32020
32022
32033
32033
32035
32038
32039
32051
32058
32063
32072
32104
32108
32110
32114
32117
32123
32123
32127
32128
32136
32137
32142
32147
32152
32165
32170
32176
32181
32182
32185
32187
32190
32205
32209
32211
32211
32224
32227
32242
32246
32248
32252
32253
32265
32277
32293
32299
32303
32306
32308
32309
32319
32324
32336
32340
32356
32357
32359
32363
32369
32397
32402
32414
32420
32425
32427
32429
32429
32432
32438
32440
32440
32443
32449
32457
32460
32473
32486
32526
32529
32537
32542
32543
32545
32546
32548
32553
32553
32558
32558
32564
32566
32580
32585
32585
32598
32602
32604
32620
32640
32645
32646
32653
32658
32669
32674
32682
32695
32697
32712
32732
32733
32735
32737
32747
32749
32763
32765
32766
