10000
-27439
14516
26424
-12484
4032
16030
-18568
-17655
30341
29715
22566
27246
-25103
16900
-10042
26073
19711
18998
-9173
12177
2001
-11153
25472
-18600
4053
-26613
2083
29957
26925
-13457
673
20764
19215
-480
4703
-13054
-9683
28968
-11244
6975
-29276
-26769
5476
-29711
6390
27687
-12639
-12153
-6939
11271
-14687
8896
-26470
-18279
28880
-15217
12319
-30258
-17785
6710
32136
18835
-23731
-25062
-9944
-32328
30321
16591
6594
20630
-4488
-19510
-22999
28701
-15491
-5538
25814
25438
272
32585
-11217
-3561
-5608
2401
29164
5637
23080
18201
31315
14750
508
-3887
-6472
26690
-25622
13983
18598
16023
-6677
-14332
-24818
23733
-18538
774
13914
-29156
21998
20959
19614
-6348
11455
27772
3366
24159
28830
29254
-23416
-2327
-3470
-17515
21343
-16734
-29086
21545
6637
-16528
-5164
-6468
28067
13109
-26562
-24027
14835
17443
6837
7543
11338
-5531
15341
31042
-18563
1755
19075
10634
24504
-2561
-8452
8032
2959
-26801
-8731
4044
-14312
-15856
-16877
-2707
31506
-24369
557
3410
13711
-31260
19907
2938
9568
-31741
-7006
25952
-10382
-22394
5527
-26748
-6549
-22763
30140
-6752
5719
-4455
-22626
4302
27466
1976
28416
10371
-4421
23709
5087
23093
-30222
-30276
7703
-18306
32209
-1843
-26274
-272
-1465
27770
2664
24266
27172
15206
27303
-14235
3317
27239
22197
-9193
-24372
-12229
-2778
16038
-14273
20656
-27838
-9510
20080
22489
-21030
27054
28409
31564
3445
11680
4269
-538
11712
21924
20006
-4641
-32518
10753
-9984
-19783
-18651
1624
-18207
-7422
-15785
28778
2492
14659
8923
-32056
12122
-763
1333
32553
12257
-22380
-21277
30788
3727
-2055
9814
-26390
13740
30582
17205
-32036
21484
26371
-15974
-1085
25882
-13724
4127
-30523
-13623
-2465
30124
-19359
-5803
28840
25687
-12605
286
-31262
17927
-16102
9977
22621
725
4457
13760
-25538
19053
-3131
18666
-16272
-29451
-17026
14541
-10943
19492
2400
-22347
11081
-32028
-8696
-30676
5280
-12498
-32212
12674
32117
26811
10582
-906
22366
12853
27357
-23710
2597
-21260
-11201
6872
8723
-14861
-3372
31224
-11935
26858
-25610
17751
3903
11501
-20891
-28803
27610
-28137
-16962
-20850
31447
-27134
25714
-12305
28189
1279
17411
-10913
30613
-23884
25956
20535
-29638
-11851
-7505
29104
-18348
-16077
8817
27885
-27823
12465
26180
-17609
11551
-163
25084
-19935
13570
25028
20892
12115
11262
-6396
-8648
19886
-27292
27508
-10236
-30291
-16128
1741
-20324
-7171
-22061
1561
31816
-25008
8102
-283
8898
13850
-21647
5654
-21497
5639
-9316
-32768
-31751
22244
-8825
-32558
-1480
-19919
18970
12368
-29834
-262
31759
174
-12827
-29066
-31823
-6850
-7260
17399
20527
3155
-8213
24266
-3888
3641
29421
26198
24010
-18265
-4803
-2560
-21876
-4017
-3652
8003
9854
-7310
-31308
30276
-17883
30577
-7989
26031
-30437
26516
30233
8919
2073
24525
-14165
-6304
-2678
22418
-32329
-23576
27685
12043
-15469
-29333
-2644
6491
27988
-2039
20116
-23441
-32027
3654
17337
27742
27295
16017
-6412
16637
-3067
6552
32051
-258
30358
-12024
-27343
20683
4043
-26245
-2252
13556
-17429
25204
28390
32242
27850
-30232
-4887
28585
-28624
21085
11680
5336
-22534
-18639
3679
14910
-1719
24912
-30007
8115
-11357
5995
-21591
-29780
-12188
31854
-1286
-8892
-17055
21785
-27778
-15431
-11863
-7455
17685
-23773
28431
543
-3395
-29915
19377
-28033
22959
-16835
-18574
-20913
26376
2121
7498
7178
4623
23549
31880
-28971
-7139
18122
-20620
-27807
-10631
18647
-6947
-27240
14981
-20049
30582
14702
-21461
-9722
27464
7767
-28043
-10438
-15060
-4184
13124
32357
30814
17318
-32113
-29792
-15206
1215
16014
-24399
-8764
-22889
-23144
15775
18369
-23611
-5306
-2144
-12272
27647
-477
24532
6971
-5818
8985
-32091
14032
-10647
8628
-7072
-63
-27194
864
20348
-27474
-18061
22132
-24131
4040
14472
-20184
-8198
-16440
31180
-32144
6864
-28328
14026
-18662
8122
7174
-31557
-24308
-17707
6334
-26893
-16385
-24986
-11246
3921
-11625
-9160
-20
-29490
17627
18313
14185
-27900
-32271
-32545
-18543
12124
2970
-6093
-22971
-31216
2553
26596
26208
-2330
-26387
-28200
1485
31180
7570
5687
-25662
28972
16273
6401
16923
14599
-20974
15928
3738
20006
28124
22683
25300
-29202
-30520
7904
-13791
21486
-638
-27153
-31351
28897
-28255
30362
15961
2390
-24077
31578
5220
23122
4658
-16943
-31135
26521
-17183
990
9010
-3928
-7428
-15953
-2650
1103
-26861
-31527
19859
16630
-24419
18410
5181
30502
14889
3074
5983
9481
-20809
-30898
-22971
5297
-22320
5996
27644
-15494
10243
8947
17805
24735
-21120
19821
-6148
31588
-17797
-30933
10403
-24463
-6566
-11302
-19274
-19310
-4570
-23426
23840
-25480
12790
15742
-9192
24324
18689
10400
-9575
8857
13251
-28226
-10610
-19927
-19766
-30941
-23071
31313
-23867
21651
-14249
-3615
-28651
-10259
-22698
2684
32712
-2101
-10837
-1080
-17381
15143
19996
19019
-18923
-17846
24926
-23136
-15867
-30990
32038
6030
12727
-20849
-14954
-26008
16313
16738
-12325
19134
17372
-7750
-24933
-9566
28905
9247
13762
-30687
17811
26857
29347
-4226
29844
-1627
-7227
16137
11347
10796
28318
4952
-24051
9352
-28634
-13302
22110
31636
-1260
4331
-6374
-27443
-21933
-12260
32340
32564
-30177
-28508
-30400
21627
-28586
4632
7775
7722
4518
21179
14645
32429
22605
-921
-29358
-23779
25481
-28327
1556
-20207
29422
15059
-16441
14413
-1740
-724
-28468
-13982
-11144
13887
-20811
31412
-29427
-9493
7585
-5440
4614
28256
-22005
22996
10817
-12393
25790
14730
-11428
-10584
-14272
29854
28991
-24567
-14469
30017
-14798
4189
948
19928
-6536
1375
-15798
-20097
10510
4066
-5319
-22866
-29138
-2822
1933
31071
7239
9366
15718
-19818
11331
9536
17483
-10476
5707
-13480
-20813
3794
13203
-22730
26962
-15339
25203
15940
11485
7666
14682
-28424
9165
-22986
15628
7639
-14368
-5883
27655
-30520
3845
19628
30627
-17490
17416
-21062
-24258
-30573
756
5503
-32700
30896
14555
-1575
-15896
1556
-15385
-26118
3488
16275
-30729
-31572
-14489
27016
12570
-10144
13545
-1608
-13106
-27481
31110
6036
14937
-3611
-25336
-27425
22628
23508
4902
25705
-2439
-16612
29256
-26126
-1737
12173
-32347
-27257
-5908
-31993
22135
26774
-29125
-13536
16971
32142
15035
7005
10079
6142
-6359
-5786
-15024
-25980
23387
2116
22516
8849
-23990
-19034
18036
-20695
-10923
-6379
14043
5108
-22679
31028
-28045
-13133
-20856
418
-6500
13144
-31288
-27789
30410
9978
-23999
-449
2404
-15192
2180
-13988
-5857
8960
1563
-26875
-5681
18236
-32504
18500
9716
-1806
31930
27046
23140
-25769
3003
-13097
24778
-15671
18273
1016
-17388
-8940
-1208
-6288
-23635
-17058
2856
-24943
-13572
3597
13818
-4224
-5486
-13023
23917
25023
-26074
-14372
27071
16919
15597
-21319
12594
31908
-12970
29596
23802
-8171
14781
28264
-19352
-20597
29573
-7516
-21724
28533
14902
-4641
27669
-20622
1885
5409
-11940
3069
13860
-19413
-27842
-8936
-3040
-30875
4979
-29835
17513
4541
18434
15177
246
-17831
16896
21896
-26745
17860
5942
-27891
22133
-7825
22625
-29659
24096
22579
-13755
-26562
8989
29912
23392
20992
-16985
16956
-19089
-23328
-26687
4945
-10909
-3388
17365
-24635
-8973
706
19296
18017
-9442
16504
-10901
1507
7683
2553
27954
18202
12133
21773
-25970
-4190
4813
5814
-19444
-23425
-23112
-5074
-5938
-11635
20703
-26809
-14274
29208
-14311
-2568
-28985
19895
-2684
19356
12689
-9147
26009
-6905
-9177
-24582
-4872
-16360
-28177
29708
-29534
30209
-31123
28365
-25209
-21591
1570
20273
-8470
48
4067
-23196
21274
-30573
-30872
19344
5128
23770
17335
-6960
-15266
-24791
21116
-31343
-32565
8638
-31416
-11784
-29888
-23513
9841
29277
-2323
30506
16063
16138
-7450
3721
-808
1126
-5675
17203
-796
3514
23103
7548
-32629
12382
-22785
-14832
24908
3384
-26478
-20713
13548
-16562
-17836
32016
26482
17376
-4228
-8694
3579
-26553
-5115
24565
-24977
7684
-8002
-45
10173
-21251
9789
11710
21022
470
14274
27256
-22362
17817
-2995
9245
-25413
20121
25747
11232
-18417
-29371
15378
-2165
26839
-10647
-21760
10594
8515
32265
-13973
11248
-10206
20792
28402
-23627
-11827
3479
29867
-14928
18638
1299
-12643
-11765
-4938
-11234
-23500
-6165
-21849
-14510
27549
27254
-15220
29272
18284
19169
17163
18195
-1751
4708
-29386
25736
25926
9561
8808
4131
9469
-29789
-1
24864
17416
8728
-24985
8021
18143
-23819
3436
-6490
16505
32766
21792
31846
-12261
-15524
-7903
-4569
-7449
21734
-26555
-8120
-19265
-29630
21920
-15693
-27434
-32443
27303
18474
-29143
18129
-29321
-24624
-21839
29511
4393
19984
14891
6288
-9060
-24586
23932
-16480
-13547
26331
-29104
17842
-4420
-27209
-14873
-9932
-25627
24347
-17341
-3592
-2815
-17029
-5772
27627
-11480
-25877
20396
31025
22310
-11906
20134
-16684
31951
22834
-21349
6886
9029
-18113
26269
9971
20887
-7808
-12716
-26985
-20425
-588
-8501
-32083
18396
-29610
32440
16559
23063
23133
24859
-4371
-20105
-29029
31377
-24778
-25158
-22316
266
23557
6537
-18328
-11195
-24132
21412
31626
29010
2133
-19153
-19868
27414
19752
-12660
30936
1106
-11658
-9592
-12976
-4938
-16462
-8078
-31399
-23212
18490
-28220
25565
6534
-7969
29773
-16002
-9777
16244
5227
9004
20809
-8714
-4719
-645
-12355
8421
24263
6981
3984
-6535
18397
15404
-18168
22344
-30073
15487
30658
-18507
-3535
7689
-23523
-32701
14472
-24966
31610
23784
16467
-16110
9094
-3456
-11873
-13422
-31803
1825
-17044
-24662
26000
9640
-4595
18920
22590
-29322
-9422
-7069
-17377
11532
8215
2095
-2688
18467
-15674
28676
29680
-10434
21730
4249
24355
19007
15195
-24034
-31938
-2435
-17737
21647
-15591
-13211
4106
-20835
-6557
-28696
-8181
-23793
14151
22555
5941
19007
-22995
29491
24601
25187
3128
25186
25093
78
13199
9269
-11519
2132
-390
-24687
-472
5824
23841
-6491
-842
-15699
323
-1322
-26727
22575
-14192
3060
26384
5453
-21559
-19990
8327
-14121
-19102
17714
9048
9476
-5512
7247
17181
28621
-14840
-11038
-2860
12591
14579
7321
13957
-24323
-6492
21295
28998
-3197
-15213
-20183
5695
-18795
-29023
-2252
11200
-31770
756
-24653
-17978
8909
28786
-28812
5776
3369
13431
-17097
-30008
-9885
-23621
24792
19845
7350
10508
151
26345
8929
-24427
-18972
-21104
-8737
-29796
-19423
-1883
-11746
-14832
27488
-20531
19054
-20047
1700
7339
-9027
11669
-15400
17721
29552
2077
20336
-489
21887
-15282
18
22225
-2712
-18627
7188
9337
-19537
17973
2637
-2692
19740
-24361
8883
-15692
24122
-183
16435
3508
-7553
12422
-7145
-13332
10007
-24872
992
4291
9816
2720
-15180
-26062
26831
16285
-27826
30581
26353
8536
-11473
21921
-28928
-12882
30594
-17633
-24652
-2684
-11160
-27607
-26870
-23486
-1545
31543
8339
-12954
-31330
-6258
21999
-30965
31676
-14459
-26039
15357
-20921
20653
-12298
-14761
3632
-22880
30082
31169
18550
31640
31133
-2914
-7085
9216
-16575
28531
-22339
-21778
-29283
-13944
6475
-14126
-1390
12978
-31561
3581
4231
-11797
20072
19647
20109
20202
-25088
7572
3015
27327
-1745
-20222
3096
-17309
12008
-15441
10348
-37
-16487
31674
-12110
32182
-29524
-31628
32020
-8
-19680
8235
-24973
8352
-25041
16795
27591
-25762
-12691
-2456
18619
12501
-19441
-3503
21430
8121
-9865
-19555
10792
27117
2376
3048
24955
-29230
-5079
8332
-32761
-11211
32763
-30806
14417
7164
30327
21812
3686
-4101
-5538
26786
9979
24657
9123
27705
-8302
4193
-965
13874
-11203
-26960
-28065
10300
-17090
-11957
-18182
15029
-306
11907
-7903
-5262
-21051
580
-2722
-25719
25701
-616
-20431
2038
20400
-6970
-20637
-23087
-9936
-29493
28025
-6459
17466
-2899
17247
-14327
26036
25461
22416
-3056
31745
260
-9911
-7428
16214
28102
-19464
-32058
-23036
-6434
-21986
11587
-11480
3518
25198
-615
31882
-25732
-30074
-6321
7379
8841
-26142
-7395
-18650
-18941
4714
-25220
-14739
15603
12225
-4022
-21810
20447
32526
-20019
-19953
5098
-21310
-30308
510
-3328
13144
-24990
23593
-13278
24633
-31753
20444
16028
-17897
19210
-12103
-12049
4572
-14529
-23892
-5099
-220
-18451
20710
-495
-13427
14089
31562
-900
24048
-1623
31820
-19205
25279
16445
8913
-1673
-22576
26498
17582
-18029
-2883
22622
-10475
15204
27116
22830
10031
-20577
717
855
30439
-27756
-1033
-13666
-7194
-13509
-18300
-28690
22471
4983
-22280
-13326
-26573
19728
-22202
-10179
14867
-31682
7198
8759
30741
31584
-24305
-2150
-11536
13886
-9954
25055
-18021
-32146
-26312
-12518
25884
-9912
-23546
-21468
-30699
8035
19686
-9433
-31145
-10434
-13942
6591
-32709
14746
-6251
-28972
-27821
-18840
2238
-19851
19535
5491
25586
-7672
-24905
-25881
-11755
-30260
-16948
-14211
-22358
16565
-1317
-5052
7157
-24694
-19361
-5618
24283
-12566
-26255
28366
27636
14238
12733
-21708
2901
10360
-24670
-12754
25062
5695
14270
22875
14203
12319
1325
-32252
-5918
30619
8379
-28762
-553
-9854
741
-15940
-16589
-15190
-25178
-25918
-15769
-28094
16647
-753
-25640
-29152
27069
16119
3286
-3213
-23179
-17309
12432
-29744
2851
-12904
22736
4100
-18277
-5755
-11297
-32216
-23277
3750
-6026
-18560
-11029
12419
-22384
-24728
377
25259
4407
-5010
24103
-22168
-1090
14198
25032
-5577
-7803
5651
0
-16282
-27205
-13129
7897
-32526
7510
11705
5768
30409
19732
6489
23602
-23947
17604
29101
-5364
-26855
-3497
21034
-29920
30173
-14505
17741
-953
17395
21964
4814
-16767
-21278
-18359
26057
13938
10341
11507
-16512
6346
14273
-20942
26882
17272
-20027
-25879
21927
-441
5721
24816
29527
5477
23121
-13762
21291
-1902
-6390
30671
-30549
-24629
-8422
-12135
8559
16348
14199
8628
-4540
21976
-24201
9146
20706
-1783
-2611
3499
31358
-21422
24827
-13701
28530
-5612
25502
24544
15314
4577
29188
-20844
2847
-8981
-32658
14997
21801
-14381
-27897
-11735
-19689
-16006
23502
-5686
-2659
20202
14302
6372
-13125
-17248
21648
126
711
5016
6427
-891
-24348
30365
5797
25932
-23686
16044
-15341
27539
-10277
-26196
-829
5132
18339
25472
-16523
-18080
-5396
21987
-6682
-27127
-12987
-27987
-24403
21763
31741
-3384
19331
23069
-4265
-9872
27909
-17886
-17484
-15650
-22538
-20735
-1088
7191
24076
12596
-27275
21019
-18013
-28350
-28489
30254
-28101
25921
19784
-5694
30950
4891
-439
5035
-32666
-20601
27525
-21160
-27680
28973
7837
-29292
2707
-6747
-9270
-10590
-14217
-24304
15184
18026
9788
-7342
-14164
-21648
-4631
-32081
20337
-14675
-20646
-10720
31277
28220
27002
3154
1353
12626
16785
-13925
29921
11238
-14442
28599
-25287
-22253
16906
24864
20405
15428
-13987
8871
-16757
-17650
14972
-11499
12537
25570
25076
9473
-21040
16343
29741
-31260
22606
12889
9254
28354
-12170
-28885
-7186
-10195
2754
29220
-7340
-11691
-29
20671
26371
14053
-16855
-27951
-3129
16646
-16725
-2866
-24403
-11887
7065
-29386
-2746
-2648
6957
25269
6533
-22415
-24462
16654
-17005
6045
31771
6701
16603
-23323
-10798
30303
-20339
-27915
-24284
21813
19005
9326
-2788
9276
5094
-23610
-16758
27176
16955
-32502
-17460
-7851
12224
11215
-10673
-1462
-13536
15933
-7241
-23602
-15881
-8803
-23639
15185
-28286
-29221
14407
2108
16578
19705
12822
-1242
8262
2622
-25507
-20744
-20918
9185
15515
10105
13135
-14651
-11620
8964
-24358
-10871
12582
29067
-22981
1417
-24147
2631
-1618
13688
-29506
-21978
-19239
-22874
28671
5365
-29421
25640
-17385
13565
-31472
-2884
7351
-8632
-2534
-10786
30818
16565
-2878
-22713
-12962
29546
-402
-24807
-18758
-31265
27
10640
-4923
8732
4374
30528
23626
18376
20708
24891
-23029
-20580
20180
32747
-2569
24230
8806
4168
3967
6017
15847
-10607
25249
-1245
-8726
21119
22917
29587
32548
22767
-30630
22658
-31805
-27001
-29284
-26649
-10353
4117
31830
18820
-13770
-17303
16128
20209
-269
17143
-25978
24979
-16468
22551
-25731
13839
18707
-13497
-11036
-6583
31441
1209
18396
1473
30090
-2163
-5534
31391
13623
27214
-2487
-6029
-1313
612
6097
23186
29619
-15419
-13142
-11129
2915
-12906
-14195
16377
15577
-30227
12391
-2511
-18301
-16861
655
8006
29908
24467
27143
-14736
1799
-27010
-13669
7832
14127
-18360
-25262
32170
-5683
19681
3740
22483
7473
9413
16986
-5144
27804
-12128
20841
1313
-7867
-24728
-1486
-23581
-19089
-25803
23408
26343
7689
-27525
-21140
-25539
91
-28444
-4334
-20601
27015
-4682
-32378
2875
3208
-6055
-14486
6915
-23729
16624
-27394
21579
16524
-5873
-32211
-8783
10576
-31609
-12178
4541
-11189
-24641
15871
31624
25386
-22059
32697
3452
1133
-19057
-6736
10660
-27637
32227
-25281
11244
17787
-13866
10932
15254
-16075
5271
30286
-13129
8837
-1251
-7632
27895
-25061
-26395
31904
18296
-11065
-526
22572
973
-16602
27939
-7317
-17582
-26927
-28607
12854
-17977
-11812
-4388
-10462
-24044
27649
579
13077
24716
-11567
15660
-7645
-26551
-5851
-21444
-20810
15420
16869
-4036
-20604
8849
-28278
7826
-13597
6451
10853
-31893
-3617
7100
4957
26751
-20549
-17141
14873
54
-768
-21509
-29537
14613
-13048
25203
-22295
27306
31879
18632
75
-4886
-24240
-19585
31275
31925
5658
12042
-30918
176
-8405
-26317
-3597
13057
18092
-28955
-4964
11209
-13207
-27343
26824
26074
5521
10115
-15558
-18159
8274
9242
24130
2337
-31633
-23727
-21706
31314
25635
-31864
27356
-11620
-22317
-11480
5134
23597
-6358
12652
23391
-1213
9249
14111
6415
-11900
19805
-6789
5425
567
-27998
23619
-30815
-3701
-27437
-13953
20336
-31645
3928
61
-9852
1796
-11868
-32346
-15519
9970
-30171
-29751
-13974
28610
-5931
5112
-20401
11557
-29364
32602
-17323
-27150
-7784
-2643
-9357
-30811
32732
-30921
-13005
-4754
-3930
20604
13992
-26319
-31510
-22955
14629
-6508
-21911
-1691
-30384
26683
-17019
2692
8794
-1537
-2193
-17071
8988
-13297
5008
-27199
-15023
29471
-16575
28394
6836
-13181
21162
-12795
-16634
16191
4020
-21919
27705
23025
-23586
24099
-26685
-29342
9289
29291
4300
-4242
15240
-22480
29389
-17750
-27137
15231
-15944
16760
25460
8887
-7790
25088
-20353
-29665
26227
23040
929
-6442
-25145
930
-15979
-13659
17580
-21805
-22827
31273
-4223
8642
633
888
26195
11514
753
-15923
5688
29982
-13729
-15932
20372
-16872
15754
-2364
-2153
-30452
31314
-7287
-9493
6712
2600
-30792
-12541
-6921
11951
-26534
-7658
-17626
-8031
-25881
19125
-1363
-25309
-3233
-27826
31651
23312
-19611
19558
-3058
27323
-2489
27398
-27335
-9138
8921
6027
-7344
-18042
-20360
12837
-10846
-20348
19601
-769
-721
18805
28001
-10545
-12675
-30175
7804
-27349
-13251
22709
-22336
25010
-15791
-411
20346
9422
31664
-17987
16714
11208
5719
-10600
-15317
-30403
-28757
-18857
-20115
-30131
19254
-29413
32072
-12731
-21561
10334
-4825
-18117
27414
17477
24311
-1006
11417
-17496
-22271
8887
20984
-17721
-29727
32598
-14779
-30451
-18036
17106
-25264
32460
-12517
7583
-8384
32035
26174
15171
-8752
12700
15427
-27532
23194
-2402
-17082
24804
-11050
19007
16506
-10233
22273
-14904
-1153
-656
-32234
-1532
-10206
-15917
8602
12476
21141
213
23846
16899
3177
30578
-22313
-13188
-1996
18047
-1833
-27525
-20613
-11066
17279
3821
-24996
-14700
-14805
19758
-11623
-6018
-13822
24093
-32025
9545
6323
18708
-31223
-16842
-6329
-24628
12063
24138
8478
419
11386
16520
-8574
-9654
25527
20085
12922
13303
-13068
22688
13727
-23986
-16406
16557
23902
3926
-28166
15287
-21869
-17156
-4725
29743
4928
3890
-12584
-4549
-26773
-26924
20687
-30809
28966
-15293
8303
4577
-191
-16246
21483
10773
32427
25702
-22515
-30163
12168
22079
-145
2604
-29710
-11064
11826
2454
-32622
30090
1765
-8947
10496
605
-7895
-1936
14596
26531
-17006
-6165
6305
-22154
-24359
-27049
-13576
1197
-23842
15978
-11117
-20815
4184
11880
-4339
28433
2289
16875
-1228
-11685
-31954
-10948
27681
-19514
14112
21111
-15030
10584
6464
-2462
-10078
-30004
-8445
-5917
-19721
-28418
-24615
-2597
-25440
-6805
-32730
-13568
-25982
-11302
15536
-733
16427
-828
-10295
438
-31010
-1343
20842
20858
25588
-1659
16902
-13022
5664
-10783
-9506
-9823
30114
-20076
-27714
13549
-3879
21528
14361
-21284
17498
-16465
10688
11921
25998
-30111
27686
-838
-12265
-15744
-1842
20759
1450
411
5845
10630
25664
25562
22009
-30985
23832
5613
-19470
25779
-4514
-27309
-24266
-1900
-9291
27093
-4472
21061
26720
-12566
2530
2747
-23175
19594
-15945
29535
15913
-14840
25360
-5567
32033
-11877
-14953
25992
5710
-28444
-29802
15168
12266
-4113
22889
17761
-27005
672
1665
-22622
-23626
-27035
24956
23563
-25026
6785
20088
27955
-4396
-12032
-1667
14322
-23275
6304
25517
15264
15184
15602
116
-6736
13326
20428
8403
-21127
-284
-5160
-11381
-6186
-18646
18899
1588
25456
10324
22326
-8225
-15391
3942
8701
-26752
28362
-8436
-21252
-487
16602
-7186
-18189
-2633
-2679
-26452
24761
-5822
6655
29907
-30126
-27087
-32645
-26975
-16803
27601
15070
31802
7857
-24397
-11339
12347
15200
-5895
25566
18461
14673
11683
-4239
5671
-30522
5163
-13307
1035
-20776
5050
16920
-320
-27155
-26619
1289
19932
-5390
-5245
-25043
9854
-6751
26113
-28063
10208
11984
2858
-21244
-124
-10637
-14642
-22717
12811
8287
-2133
11599
21780
25880
26064
4149
-14386
-16811
22689
2421
-23892
-5180
18313
13803
-27615
-27419
20253
-12749
3959
-191
10015
4827
11630
-11147
-3891
21674
13646
-15175
29035
-31695
-16998
30857
18960
-27435
-13342
30193
-5080
23848
-22228
-21881
-27956
9012
27412
-17031
562
23499
-20097
10046
-27124
31052
-12973
-21796
26762
-1465
-3868
-20522
-18796
-9030
25263
4243
24578
26917
14832
-30640
21712
-7670
6494
-27171
30621
11930
12198
-31023
-23845
32309
-23116
-3105
-10526
16689
-16965
22920
12118
32420
1466
-19634
-9109
-21931
-9786
-31413
1074
7826
-15187
-11056
-13821
-19796
-8757
-10822
15553
28021
-8678
-20285
24281
-12447
32486
32653
20855
9986
-17183
-31444
-28096
13482
-14423
18933
-21394
4739
-31931
14545
25301
-10593
-765
32303
2205
-20397
17528
-2724
-26786
-21421
-26443
-20600
13655
7940
31321
-21175
10621
32425
24685
-11265
-19990
-24195
14769
-15357
-17407
4403
-5468
-4801
29317
20021
-20494
18304
24399
4802
15393
19913
-27967
-9309
-12292
23942
20247
13731
4716
6107
26600
31310
-9920
4085
-8791
-17918
-30479
6557
-10775
-12489
22787
-22647
-24875
-12734
32363
-5483
-29250
-16370
-34
-4419
-9236
-29199
-7055
-6714
21932
-6965
-2680
-6880
-12769
29690
-5924
-3039
-8040
17684
22891
-11157
26179
4143
13431
15716
12006
-18334
15080
1848
-20925
-14706
-17048
-24901
-24751
-27775
-26501
-16322
-17196
6425
27774
6576
9998
-16184
-20367
24048
30546
-5559
2473
26981
16068
-32692
3269
-27462
-11418
939
31864
-30317
12658
-1493
20679
32033
-14322
-21926
-29606
-1794
-26334
-22457
-3523
13083
25665
13165
27843
17719
-7670
13295
-14649
-13512
25086
-20991
27881
29344
15673
7708
31484
5042
-18628
22388
-14685
-27119
-11845
30356
18242
29657
-431
-18697
8312
22719
13588
28916
-6102
-16806
-22061
-31598
8005
5999
-21392
-375
4582
-12039
-19929
18554
85
31061
2828
-1741
-23790
-29609
-19392
27277
-25971
-22943
18929
-23139
-30331
-25767
-28733
-8040
-15885
25380
-27902
-789
-7812
-20270
16785
19432
-22331
15715
-134
23090
20167
-17155
7403
15114
15784
-28111
-9457
-11139
31781
12113
-24980
-12402
-30122
8288
-18495
2928
8138
-14547
-618
-20195
3249
26890
21040
8121
-10952
-1767
-30343
2238
6716
4718
12664
2598
32336
845
23540
-20602
12082
17801
28494
11443
19478
1335
-26314
-13191
17217
9001
7259
-14332
7312
-9131
32749
-5918
-1138
-7285
23541
32176
28433
5234
31569
18954
-22188
-6848
-845
-30864
26477
25929
23684
-23079
-7169
5647
-2739
19411
-12070
-14724
-25634
5245
-10415
7872
-28449
-18271
-177
-15219
10128
-24906
-12893
-19833
-8217
23442
-23107
-18561
1585
-16976
2380
7364
-16444
28285
4369
8629
-25312
15802
-17826
3201
11541
32128
15705
-10395
23778
17732
14773
-6485
-29304
31908
16374
173
4946
-25230
17735
-774
13462
-26007
31941
18191
-1055
-26816
-3330
11641
-26704
13198
-3788
13172
-19002
26759
-19572
-10531
29527
-21937
-18828
2802
16797
-2449
11765
-1791
22603
28886
-15647
27919
-14465
-30489
3000
-25510
26977
-24808
-1528
-9915
29385
-14817
-12651
13278
-3658
7665
28474
8421
25398
13084
14114
25757
-13460
-13649
21791
11047
-11530
-18894
-22419
12192
-8364
-24549
-3168
14912
-1677
-22601
-1234
-14104
-23086
-27381
-29879
-32556
25307
-7302
2164
9864
22708
23492
-4146
-7120
15621
-11294
-13506
-4265
25256
-11237
-6516
11170
21129
27246
-19238
-2736
-28086
19099
17073
12954
22199
-10271
-24603
-32084
27963
138
4329
-3717
-7057
-10245
-10510
-11320
-28839
-20234
29757
-27392
-12179
-12626
12696
8917
-463
32553
-18748
-29060
-29005
10638
24819
13299
17795
-10679
-4426
6822
-14161
-2221
7161
11461
27767
17593
-24337
15578
-13930
-21577
-28495
-8517
-7280
14364
-5387
-19406
-10660
-10076
11151
-2408
-20921
18721
20283
26837
-11772
14201
-23608
-15824
-22
4799
31910
19871
16411
25832
914
-29794
-14516
29357
-29222
30177
19929
-25245
26606
-31259
4203
-29886
8117
25444
-423
15087
-5120
-24268
27339
-2942
16199
6326
986
2749
9761
32640
29652
11069
-7145
15578
-9372
13949
491
-24701
-9323
-18419
-31009
-25293
-27253
-4629
-29827
18105
25249
-29799
29476
7863
10520
8803
-16622
20901
-6143
-15354
1103
3772
3844
-1725
-9705
-16374
30984
-14459
-30770
-292
23270
29861
21871
13415
9136
-23451
30711
21999
-29383
-23207
-28430
-27546
-13861
-3218
-6505
28254
14737
-23048
24332
22224
-21447
-6328
-9275
4617
-14402
-24045
6193
-7304
-2484
10890
4696
1266
-8787
-23124
-6280
-21963
9178
-642
-1043
12014
14747
-20523
-8105
5321
23960
-7398
-1649
-16353
-14096
-22383
24648
25994
1256
-10060
14801
6205
2423
-23514
23148
-23594
18836
23736
-617
32558
-5276
-28069
8090
-6598
5084
-28409
-32722
-11888
26946
15102
-16241
6839
6272
-23232
8338
-31366
-23318
-28674
29004
-31745
25949
32457
-29065
12557
-29980
3232
4137
12861
202
-31992
-29731
-7170
28666
-11831
-32385
16565
-2068
-9726
-6356
-22321
-17476
23463
32585
-3256
7172
-29986
31107
19116
10553
3617
18116
11600
-28779
2310
-28710
15064
1198
-5649
29813
1897
15197
5514
-14870
8510
6868
-31582
18472
32224
18358
17611
8060
15290
28373
14389
-7822
-18645
-26929
-30481
8777
9321
-26879
-10890
22080
15711
26143
-11168
2710
-23145
-3819
22248
25100
19400
30124
15950
-16583
-10339
15249
28554
3710
-22769
25405
-32267
-31268
-13781
31384
-5454
2101
-30182
14420
21823
28389
-15207
18829
-26742
-31191
444
-27821
14198
-9531
26286
-32328
23076
-14293
-21270
-7754
6179
26462
-23340
31052
13231
-7973
27987
-24123
7775
-21879
-20759
28208
-4628
-13123
13038
28797
-8992
-25351
11977
-12479
-6526
-28068
26028
-12981
7741
-6801
-32633
-19845
16356
22613
-2315
3519
12934
-18763
-12501
9593
26962
-13302
14492
-16255
31124
15445
-18942
24933
26977
8866
-6294
217
25111
11378
-19147
21656
-122
28423
2414
-14636
12863
-31757
-12826
-9192
-14755
13939
28521
-22018
-4306
26831
12143
-6045
-3037
-12956
2281
-17727
-3328
-17957
-986
-11685
29600
22061
27123
10480
-8124
17100
-25536
20550
-6558
24653
6756
-10991
-5366
3997
15064
2193
-22093
13569
-30177
4372
-1675
4140
30594
18315
-13785
30647
-5297
-15179
23324
-8828
7637
19551
-22420
26130
27712
-18309
-18524
2825
-22659
-27741
-10543
19319
11107
-23221
32108
1240
12591
-17579
29122
16377
-17397
6213
-28971
-9502
-14291
-25451
-27883
-7922
2593
-22318
-29190
13766
-28580
11310
-14869
-5559
5108
7951
18987
-27074
-8180
-8238
-395
-10330
-30680
-29176
15946
14360
-1014
5618
-5644
15422
-16867
1193
-19374
-31070
-28069
-22868
30450
23144
12070
6783
-12674
25203
-15390
-12458
-19602
-26802
-23169
17889
-538
16832
-10175
16882
-21312
-27107
-12145
29295
8240
-3137
-24296
-10491
13171
-2935
2486
12587
12518
3231
-9558
28835
-19164
23942
23720
-9707
18061
-25347
-14886
-29464
-7358
10180
25023
-30658
-17859
4477
-12980
26030
-10719
-16093
-1775
-4580
6632
336
23016
25444
-2600
-5369
16717
-7261
5677
5429
-28422
-22594
-16944
15594
24535
-10796
27528
28021
31002
27868
-22057
-30284
6538
-5819
22185
-18863
7567
24664
1886
-7853
-19668
14236
-21233
22401
-26672
-1940
11717
11219
-3486
8438
11263
-20879
-28924
24744
138
-30212
1300
-24162
-26070
-15457
-29037
-9428
22126
7041
29271
-1820
-6172
-13102
4484
6283
1875
2869
28337
943
-757
-32540
32735
19386
27684
30426
14478
-18131
25387
24608
7026
5184
-19232
28505
5353
-29606
-1790
5551
-11510
-7463
-19963
2216
-29247
1071
-8841
25766
5186
11278
-31060
9311
-27481
26095
-1220
-13311
32324
-1197
-19131
-8746
16970
-16109
28340
-14993
10023
11976
-28014
16538
-30008
-10268
20648
4150
30267
24159
32004
-10718
29532
23736
29119
-29969
27147
-18344
13283
15797
-31432
8952
1264
-12043
14558
14416
21725
-15342
7255
-9666
-13186
1393
-2229
32205
-7096
-10126
-16416
9854
-13953
-14479
31722
-28751
-13177
20266
-29372
2642
-11933
-9726
-11440
-13692
19371
32020
28965
1139
18329
19394
-3340
9723
-19878
-10459
-10981
-1248
-24746
-7728
19244
27629
-5856
22290
8205
-6918
60
-24092
-23344
29382
-32583
-29728
-20431
-3936
-18029
-1268
-28987
15815
-31374
6409
-9775
19435
28246
-25210
-9111
-25394
14328
12721
10423
-16979
-11811
-21615
19910
14337
4079
-11576
29093
18479
-16675
15778
9398
21253
-19177
-26751
11982
-28221
-23359
-26633
28373
-16657
21067
1767
-11866
114
30209
1570
23582
3445
10897
17872
-28818
3230
4283
4199
-25193
14209
14294
-30215
18495
21385
3682
29350
18190
11258
28153
-13976
28815
-26117
-18447
-11375
-5537
-19069
21166
21643
17963
-2095
-3488
12414
23848
-22646
-2437
-16051
-10639
13958
-13868
-21809
-27274
-28392
-7957
2092
-22971
-28489
32187
-10674
-14943
29768
27055
-17731
-7485
8809
-10159
-9236
6880
-26194
5604
24898
28770
3907
-25227
3655
-614
18805
-10286
15035
31595
3070
-1437
-23336
-32529
26505
-28098
-18567
635
-30491
-2529
-27609
8457
6033
22634
21177
-15202
31594
-14272
31991
-356
-9522
-16712
-17516
4433
-27832
-32485
-26702
19544
-7708
-6078
26899
-19328
20312
27177
-328
8511
-2736
1814
-4625
3209
-25290
26443
16511
-24795
-11978
-11788
6650
-26365
-23196
24939
-28292
-2467
-30255
-45
-22640
30727
-6521
-9252
-6259
1298
2021
-201
-19569
5518
-11625
-5701
-22524
15080
8833
-30928
-873
24031
7252
1180
-16168
-18693
16321
23121
21042
-26498
-26089
30988
-11775
-5813
27186
-12855
-2542
-11223
29127
-28877
31428
-19707
6865
20010
28717
-7759
21275
23413
-20876
20286
13427
-21172
32543
6950
3995
17981
6551
20377
32682
-16207
-16282
85
31200
16755
7882
-22249
-20021
-22838
12375
27228
5170
3798
17546
-28919
14019
-3415
-7068
4667
-25930
-22000
5591
1865
-30268
14084
-19420
-14892
31071
-28893
-11744
22723
11931
-904
25082
11640
-11335
-16888
11551
6589
29242
31737
24733
15061
-19823
-1298
-16582
-22263
10834
-18036
-20927
16224
29561
20103
-17875
-30339
1887
-21351
4888
-12505
-22186
26668
-7232
-4153
8271
22096
23521
19779
9500
3241
28366
-4509
22175
-24815
15774
-29012
23924
-18861
-25708
-19096
-10700
6391
-22228
6106
-23512
25946
-13169
22903
20248
26394
11415
-25507
16274
-17402
-10390
4613
12864
-18664
-23909
4889
30546
-4696
-5516
6256
10050
9726
-28954
-15922
23271
17706
4873
-1875
-8460
-531
-32741
-2312
17490
13752
281
-15652
6138
18758
18659
29315
20725
-13123
16121
3099
28087
-11155
24919
23840
-22145
-7334
-12569
-14839
10312
-9940
-31505
32299
5291
7082
-6026
21210
-18538
-2034
7123
32359
29853
-20606
7027
23421
-17701
7576
-27846
-7437
25886
21404
24751
18925
-25995
1667
11924
15445
8411
19778
-8909
25897
16162
-28792
-15946
15613
-18656
16049
3831
-18692
-3201
20721
21530
15422
20697
-26618
-16545
-26698
-16743
16245
26369
-15954
8160
-7594
-24491
-19216
2464
7274
9658
-27368
26209
-15561
213
21759
-2305
-25387
32104
4145
-16754
-31360
-23893
4935
-10010
-31210
-28428
-22925
24058
-29067
10535
-30692
-1722
-31938
25800
21621
3020
11199
15357
-24882
-3355
-14913
-24917
-390
8459
-24022
-25991
-27727
22908
12354
-32578
22709
-23578
23781
3982
-8360
-18704
-4319
4235
23240
22203
-12309
-4130
-28081
5485
-11815
-25962
2834
-32451
26153
-9647
12629
-29681
-14050
30412
6928
28393
-15367
14767
19786
1869
3383
21779
-28149
-24232
-19642
26077
26897
7347
-9868
-1477
-8667
1319
1016
-20163
-16767
10274
7002
24156
-21593
-30657
-2538
19618
24007
30448
-7014
-6962
17443
-23756
13355
-20711
-24018
8808
9284
9101
15356
-11237
-11439
2570
-15275
21832
11386
11077
32123
-8584
-20033
-27488
6704
30508
12335
-22758
16282
26866
-19456
3171
31816
14748
25674
-262
31008
-4500
-26340
-26693
-29938
22231
1042
-6059
-11581
10338
28025
29144
-6068
-3802
-20899
-5330
19901
29566
6960
6809
30587
226
11958
-2419
23726
30456
25275
8167
-19394
27757
-21731
2574
-12820
-5468
-10653
-26136
-9911
-703
-6218
3145
-13487
-7310
2088
14897
-26263
-14966
-29443
-10409
-18857
12632
-14502
4560
-19321
11711
3104
-13814
203
-16088
22009
-27641
32114
-24094
6669
2343
-29817
-12177
-11293
31691
3664
22738
1737
14118
-11935
24780
-20718
-4201
-10581
-21690
4462
30096
-32708
26297
-10950
27733
4222
28171
-11569
13921
-9843
23448
-27756
-4917
10210
-20242
-4167
-27887
25185
4850
2198
22829
-8693
21842
-15673
17082
-30796
23717
6357
-292
21973
23747
-14046
514
2454
253
1069
-11387
-3232
-14752
24981
-17342
-20144
-30453
14614
-27250
-18110
-20745
26529
-11238
3896
26125
8587
-2505
16204
-13521
-28752
-2985
-25708
13484
-11440
-13004
-16153
-24043
14492
14721
880
26626
-23196
27819
5715
-12554
8487
14481
58
6610
25326
-15172
-17186
12597
19271
-3154
-12680
-16741
-11511
5323
-8010
-5421
-5208
-32566
24384
-21230
3038
21103
-19994
-29383
-21164
31535
10202
-26740
30330
995
20305
9374
18736
16586
21488
534
9071
3879
-32234
-27780
-11725
-15966
2168
-20006
-31928
31940
-5683
-13469
28172
-22184
-2554
-19708
27239
21379
32190
3920
2432
28015
25909
14583
-20543
16895
-29335
-4664
7493
24503
-16186
-23890
22608
15317
-6831
-11438
-10158
-27535
-26956
-26670
-5390
-3635
29439
-25056
24276
-758
-14733
-12760
19646
1008
13729
7823
-31065
-15642
10350
31773
-26836
-8533
22134
11951
-21019
11629
32733
-14177
27421
2687
-12916
17514
16097
25783
26037
7900
-17029
1164
-14887
16607
10499
-20384
-28313
3165
-3583
-14931
-28521
-14556
-21251
-17426
9241
8270
8138
-20346
16945
28853
21093
-21132
10421
14022
16316
539
28296
-2103
-11713
-15577
-12866
4959
28716
-22126
-11819
-26438
-4417
-2198
-3990
26882
20774
-10851
24789
-152
14940
-23552
6508
15652
20934
-4201
-10342
-6562
19815
30203
-32502
21415
15216
-4279
-14621
1927
-10244
-32719
10759
-3204
-2434
27
4970
17998
27289
12421
14681
-15289
13249
-2193
16911
-24993
-28147
10481
-21116
17440
-9742
-13190
469
29955
-4470
19718
-30756
-25366
22558
-7117
-3455
9965
-14444
27690
-1670
24287
-16452
-5547
-21617
-10947
-19128
13936
-16813
24102
-8593
30859
-18278
10006
19506
9643
-18105
-28759
-22325
20408
-30446
-27572
-25467
30198
-19812
15498
14759
-16865
-28260
-20286
-17897
-5210
1773
27194
-8432
19576
-27085
-29504
-20940
28037
-1602
-13303
2416
-15695
8219
-29645
-1786
6284
17673
-25889
-19023
-24482
1213
18012
-29868
22766
-15029
26706
10496
-31016
24018
16276
20038
-23618
7490
3319
-9250
-7247
-21828
14051
12349
-17969
-6235
-17658
13782
-19578
17648
-25214
21377
-31784
-1839
-24884
-32320
308
12991
24541
28263
-2569
-8106
-7262
-14203
15987
11916
-25857
29472
-697
-3370
-7978
15139
12994
8145
-25797
-9037
2633
-3046
32542
27785
-10858
-25129
6858
-1235
-5687
-15748
-2365
11168
22666
-27536
26108
-16271
24533
-8744
-18754
-24572
31495
25745
-20769
16222
-3489
-6141
18815
-98
-25800
-26141
-22239
19885
22214
-26162
10897
-12854
-18861
7476
29591
-32083
-13625
94
18255
20836
-13459
3151
23118
-31398
-5955
-32600
-21885
-24088
-27120
31403
20805
-10611
29994
27855
-7166
27567
31297
5260
12987
-14230
-12868
-23483
17905
5272
19260
3602
-731
13196
-9570
25336
19125
32356
-20829
31217
6601
-30633
-23954
32246
-4462
-7352
15702
3285
-19979
28776
597
21901
29535
13475
569
7672
14526
31439
-244
9519
27078
3386
216
-28303
-20596
12674
6469
14377
22357
18306
27323
-2680
27540
-24909
-31890
11818
-30823
-8925
-9988
9923
-31275
-1312
13560
17334
7219
4885
31039
27795
30901
31736
9229
-25850
17029
-6291
-15799
-2490
6597
-32628
-5969
-9784
-3259
-7297
20104
-570
-623
26002
-28114
7105
-14865
26199
-24667
11212
-30130
6737
27927
-13191
15089
-7401
6834
22407
-22262
26149
20421
-13108
5364
22807
13703
28340
16950
-23581
-21667
-28631
4105
-2901
12817
-19621
16692
-1595
-19837
17486
-23319
-9262
25944
12217
21921
2330
-20465
14442
27761
12442
-28694
24733
-20979
-5199
22310
21614
22212
-26461
3710
12081
-207
-23393
24362
-26798
4107
28930
4079
-11632
2657
2830
-31236
26394
-21799
11332
24359
13687
21886
4974
17529
-26024
-23114
25675
20925
2366
-1574
1162
-23479
-12501
-22398
-28860
18578
7696
23695
31400
-2541
796
21968
2404
-15897
19683
-27207
14768
7506
-21369
29531
-22728
-4915
15465
22966
30812
-17953
-974
-2857
2951
-3438
30704
31919
-30352
8857
10035
-15624
20639
-17676
-1217
2903
10138
-22505
7058
22188
-30618
-3639
32414
3869
27686
3663
-29036
12875
8310
-9878
25492
-11614
8328
31992
21087
-24852
14057
16260
15330
-18907
21109
15021
31634
-29122
-21603
-5870
18925
-20745
-31981
28562
-19153
19672
-21135
28591
6150
-8895
2916
31175
15986
25696
-23442
20872
32165
11261
7777
-22096
30532
-5833
-16862
-12652
-32388
2090
10113
19724
-26344
-32641
7972
-24545
29295
9022
-1213
-29518
-29357
26517
-15827
16872
7951
18244
32022
201
19022
-31834
-28146
23868
24892
29021
-9888
19006
-3185
-10152
9197
-14633
31629
13691
-8439
-32609
19441
-30968
-18383
-15924
26281
13814
-8862
-32241
-14331
27382
4316
-26766
22807
12937
-1261
17176
-23186
31556
3118
19759
4671
-21863
-17251
32397
14897
9867
-24027
-13158
-16290
2246
12398
13318
13544
-21468
-31108
-13960
5436
20441
-5946
21647
19182
2975
6662
18007
-16157
5444
-13363
-22377
-4900
-31061
-7076
-3386
20194
7187
-7625
-16565
-6144
-1286
22700
-11736
-8990
-27567
28076
-27917
-27295
9919
-30832
5574
13977
-19295
-7442
-27939
-28514
2775
-12825
-27775
5500
-17466
-8962
-8209
30772
31150
-8657
1911
-11771
-4210
917
-6087
-27819
17103
-8290
8458
-9653
5234
183
9963
-15586
-68
17173
26548
-23448
-15912
-7477
13795
-29805
-6955
-27600
28407
-10389
18851
12143
-11865
17225
-20112
-14869
25355
-19636
-8933
-17816
-21883
-29053
-9499
-27729
23931
3390
5131
4755
-25535
-30086
24600
5071
13202
27615
-9565
8947
-17590
-27845
5863
24061
-12713
-8941
15885
-29918
30336
10640
26897
7679
5630
7190
-27981
16600
26283
-21152
9731
-10430
-13904
-7999
16536
32620
-8913
-3769
7343
-8558
24995
22748
-27529
11037
15237
-10431
-29074
29527
5997
15212
-1717
-6808
-19860
27991
11223
26389
-4539
9836
-20582
20893
-9941
17877
22397
-29706
-7811
-4150
-5044
-26608
-12873
-9982
18068
28907
-20555
12099
2840
-32167
-17189
25978
28825
-26051
-19846
-27892
4520
-8326
-9275
-32643
9224
18748
18218
24924
-26307
-26058
-6842
-28698
-7154
3438
22031
15689
-11604
-18367
22288
5627
-13329
-9886
-6215
-11695
-5019
-30100
18453
11447
27246
-23725
-19666
-22395
-13713
-10070
8731
17623
-13415
19659
-9855
-9256
25426
23968
32058
12006
-15628
-13812
31436
16261
27651
-27655
-9768
-22806
-7624
176
-13130
-4057
-20533
-10253
12495
7578
-27998
-12537
-2646
10431
-14423
19264
9631
12671
-13058
25531
21869
-17748
-30478
-11902
-10141
-4515
-12423
-15594
27843
13720
-14232
16264
-20880
20163
10355
-8334
20790
31043
-4021
-3151
-26806
2630
-22478
82
13337
8811
19431
-1876
7171
20604
-17918
30396
-31884
-14193
-16799
-7145
19709
-19885
31477
16143
17303
16092
6079
17290
21473
-24026
-2402
-21979
29863
20432
6460
-7190
14519
10346
30950
-28814
2767
-11121
-26928
18818
-22111
-21000
7401
-20429
-32704
-32031
3157
-7052
-22234
7244
32185
17568
10447
-7127
-2507
14654
23812
1335
-26776
-18520
5539
-22003
21043
-7235
-19605
23863
-25296
-14152
16745
-23922
-16780
-11520
15610
-29154
28871
22892
801
-23774
8094
26440
28938
7022
-30019
-24802
-1032
-27641
28494
11329
-22177
10079
-32278
19056
-15515
14219
-16893
-11983
-27715
-5573
-3343
-9773
-11474
-29682
-30761
21717
-17779
-22721
-21223
-12053
2705
-4117
25914
-26012
12405
-31101
1202
261
5039
-3270
-24160
-22095
19820
15282
-6228
-3238
-13359
-25864
-23371
137
-9017
-19759
18758
-12544
13326
-13744
-5768
29651
-1161
28716
-19228
-27923
9467
2305
-8668
11010
15453
15864
13026
23623
31206
-20304
-32092
-3341
-11547
-7184
17399
22334
25559
32402
30498
7423
-10532
10721
13154
-20450
11601
20498
6888
15835
-18418
17228
32181
17961
-32419
6809
27116
-11700
-24677
3167
23577
10383
736
-6052
-28466
-7250
-11921
-7276
16148
29478
2348
-9494
22630
-7091
-23612
12658
-2761
10101
8679
32658
-21966
18424
11687
-3631
-4154
-7510
11960
25844
-29193
-2451
-25348
30414
-24799
16158
-634
9750
10117
14633
32604
13116
-7008
27032
-17057
14947
-576
-4406
-14870
-21908
-21010
-3534
-9298
6450
21768
18357
148
-26860
-15656
-29977
21433
-8667
-2364
-3759
-20282
11636
23281
-15668
-30067
15924
309
28284
24309
28662
-12946
8562
31835
-716
-25311
-5039
24653
9136
10985
-4796
12950
-15083
268
29484
9131
-1648
2736
27792
10167
9571
12718
23045
-14644
-29339
-789
-6257
870
16479
27768
-32144
8130
-23774
11151
-4297
-17885
25641
6623
14927
-6967
-3187
24970
-5906
1686
-23915
31222
23451
27612
32438
8397
-19517
27923
21503
-8248
23568
-5230
27119
7102
5922
25260
22103
-17018
-15557
563
-31549
16154
-31764
-25863
-2259
23627
-26956
-22595
3359
-25780
-22686
-18366
7251
-14324
12766
-22617
26357
8594
15222
3574
14331
2670
25612
6701
-15961
19585
28360
20786
-4466
25648
-14245
177
-24181
-16512
-31717
5907
-29131
-9989
28955
-3879
24212
3695
16900
-7658
14399
31228
-8757
-6831
-13197
11166
-9595
27441
13200
25411
5341
-3720
8585
-8271
5001
11602
-26597
-18518
9304
-10628
-27722
-24825
9544
-7271
-32248
30153
-20977
-3895
21622
-12218
-17179
-29004
-6168
21933
9211
-2383
-29263
28989
8687
-29235
11158
-16240
-15759
10564
26871
-31934
-2373
-29002
22255
-24068
-15395
1268
-7687
18652
-22478
1380
-28843
12695
-5855
9101
-20601
23645
6144
-5022
-16131
15429
8309
-23017
18708
31538
25339
5888
-16758
-1386
15535
13899
-19267
-30226
28370
-7213
-9899
-30872
22315
5024
-27240
-18040
14051
-19816
9907
31818
-20590
11733
16996
-22
6713
-11785
22575
-19439
-5563
3942
-26715
-2478
15892
-9133
-100
412
23722
26988
990
-23566
-4070
-9854
6799
-5547
-27582
-25280
25954
-10424
-4793
-1185
-15498
7448
22514
9283
-9160
-26578
-31965
315
-4767
10683
26454
3488
-21031
7798
-29848
-5687
-18262
-17600
4648
17841
-18270
11136
-22116
27455
-13419
20749
25534
4013
-5492
14934
13456
7947
-15231
3568
12235
-1370
19242
29111
28469
19954
-25311
27844
2487
-30906
-26658
4314
-27990
24799
-26995
-24167
-5729
-2977
-21617
-12664
29566
-19553
-23497
-19934
818
822
-28777
3120
-7830
4305
15541
20981
29261
-8171
8446
-16889
22647
-21718
31242
26930
6353
-4074
26072
-28188
-26457
-25296
-9156
4267
-890
29811
647
7840
20758
-15614
24615
-9455
21690
16933
-10690
13664
-8065
23037
18854
-1816
-4582
-29817
-6308
956
-8174
25517
-12946
5012
3078
-28387
-28384
-8213
-9819
1317
-6194
11583
14465
23607
23833
27738
22837
28845
14540
4169
-8379
21929
2983
-18188
-14469
-3245
30917
10511
24624
14186
21208
11139
-10921
-9725
-25138
-8779
-19565
6586
14933
27520
-6651
31857
-20355
-30786
-12850
-16966
8127
-8387
21364
-23903
-24396
9185
19958
2262
16628
6808
9994
-15646
8440
10505
-15895
-16161
2905
13516
-3056
247
-28836
-1839
2997
-10071
-9647
-23696
-19595
26679
17481
21768
15226
30412
-24926
13241
-92
-27445
-22258
32429
-10611
25584
26042
20859
14253
-1411
23573
12126
-28534
-8290
-20656
-17655
24823
15621
18787
-13174
-27902
31194
12697
-501
-16335
28116
17116
-14086
-21340
24148
12776
11259
10854
17637
23776
-13010
11747
20122
-18968
-16345
25141
-15338
-24805
-13979
-25220
21785
12230
7715
-11697
27579
-27619
4889
2566
13242
-17307
-23868
180
27096
11314
-14397
-6046
12692
-20791
-19411
6648
12319
741
12211
-14730
4241
20052
10919
-6046
-24725
-13585
-23490
-4063
10025
-23181
-17899
-8744
-16856
20635
14436
-6663
-5121
25986
776
-19284
-20722
23738
-28573
-3821
-17535
14433
-23133
32211
27459
-13949
22944
28203
9806
-28214
372
-25135
-26473
29780
4242
3162
-29466
27924
6305
8867
-16899
-16309
5842
29217
-27514
3728
19399
-21094
28477
-9391
-11728
-206
-12000
14459
-9692
3804
-13101
19834
-11497
10649
16662
23374
-23960
-2409
26617
21101
-16243
-28550
-11982
-15251
-5587
-5641
-32261
6655
-1686
-15608
-5055
20360
-24552
-22273
10049
-11131
4852
4366
22772
19036
6491
26350
22098
26447
-18757
23117
-19653
265
8481
15976
-10794
-228
-17172
-9838
11577
15244
8758
20454
14976
-3068
-11698
-25461
3112
-14795
-7033
-27721
-8253
-19835
-8204
-18152
-4199
-9129
31171
18898
14423
-24072
-19575
-32206
15761
11975
-10761
28283
7505
23907
-6207
24666
-4406
-17743
-13696
-14523
-26998
19402
-717
-13879
-14420
5491
28871
25065
-14938
16985
-20002
-1845
-28694
-5789
-29339
-2571
-12405
18663
-3785
-28995
8280
-23330
-27371
7546
24682
3760
27483
32537
5878
-25263
15938
8972
10399
10246
-9286
-18831
21146
14909
14952
12988
-24596
22812
30128
18112
14569
-29143
18063
-27248
-22860
-32709
-18131
21056
15478
10071
30586
18767
-22736
23623
3539
-10913
-32424
14718
-20055
-3966
-24628
-22911
32293
1001
25790
-19065
18983
-1099
-8082
3695
-15883
-8438
11387
31960
7666
-18513
23839
-2293
8850
26908
-32466
2985
-17232
25479
-32740
-18485
6963
28982
26213
11714
26781
-7126
-25349
-16850
22121
20822
-19464
1021
-529
-29212
4269
-28408
15273
7193
-2924
21203
-10153
25763
21419
-13139
6414
5644
-24306
-14756
25442
-3652
-23254
-30857
9577
16181
30244
-28709
850
8827
-4907
-19258
20855
9341
-11204
22708
-11879
16444
28753
-24229
-32691
23401
8942
-2092
-18351
26177
911
-15407
-4217
14314
5701
20529
2435
12093
31445
-29652
12089
-28423
-8848
2034
23525
24614
-24281
-26236
-17633
-26465
2538
-23416
31447
1585
15098
-19842
-30541
10099
8539
2218
1792
18918
-10985
1520
-29226
-4904
-31123
32646
-28753
-19125
24681
20806
1513
11937
-29763
-17488
-19253
-24554
6382
-8984
9939
7011
11274
-1461
1561
32253
-16098
18164
-333
20961
24513
-14731
20869
17836
-5784
19226
19821
-5671
-12311
-3841
4759
-24099
16958
9916
-21513
-3175
-1983
-27053
-19676
10587
17253
27163
-9084
1879
1997
23706
-11667
-25175
21874
29522
24591
-14856
-17059
-17974
-21462
1793
5574
-17420
11439
-8922
-27077
7796
6638
-32275
-32590
-22025
-17504
-27472
-16037
-12520
23068
-18521
-7335
-24147
348
40
-32140
-26343
20818
-24963
16736
-12410
-30568
-17499
-5014
-12291
5258
-23638
-114
27302
-27369
12891
16538
29848
-31280
-24199
-25009
28139
-22150
-23994
18726
7895
-5912
-32697
-11512
-7772
29816
-12963
10837
-7211
26616
-30611
17852
-31052
7595
31234
-4047
17955
30182
-25591
-22448
-17753
-15745
17999
-21634
78
-23134
16810
-17443
14820
30316
1869
-2481
30198
15389
-7649
-28019
2460
-29535
9948
29728
8754
18907
2146
5813
-4627
-31635
-26577
23326
23280
5202
-11475
-10215
27979
6315
18623
-21829
-31650
-11038
25035
-27319
30926
-4230
27801
1087
31266
-25550
-24469
24163
32645
-17269
27270
18229
11246
20565
-16269
25064
-28648
8032
7138
19344
10560
27109
-32592
-17824
2522
588
3160
-30243
6008
32566
-41
-19708
25063
-14604
21994
-17260
-14935
-450
-12546
9107
17795
21180
-29831
19980
15981
-19548
-3799
25060
-412
-27907
-16065
16205
10535
-3499
-9485
-18598
-29181
29438
18885
24017
32319
12277
15667
-20964
22475
-23122
-7727
-27153
-29042
-20327
-20852
2327
-30930
-6540
29556
4603
-25446
-12610
-13816
-5657
29254
4300
-3354
32127
31954
6629
14131
14008
12462
13826
29980
-12501
-21662
16422
13062
-29422
7613
4986
-3491
-10251
-14031
23176
-7133
26419
-25910
-11859
-12763
1891
14051
-19907
-4276
7941
-17428
9543
-25359
12864
18534
-4957
24325
-31767
-17162
25871
32137
1718
16411
26396
9158
21851
4215
-17987
-13125
12191
14146
-32690
-26160
12029
10645
-20292
8906
11096
-6625
-22350
-7469
-19975
-5885
-1249
23185
11557
1964
26374
-32300
7435
-4171
-28823
22939
-23890
-6964
18344
-20006
-3597
16467
-12776
-19650
-15751
-14810
-29581
23521
22372
13108
-7211
24111
-26060
-6815
-1381
5289
-27529
-21473
13022
-14621
-28219
8737
26184
-11469
27817
4146
29192
16607
-22376
8637
17606
30218
21665
-6539
-19074
-29115
23798
27258
19485
20215
-30347
29273
-28943
-2092
-18608
4245
-10916
13796
18720
-24291
-30070
2717
3231
-8472
2427
-27548
-14004
-15535
7041
-5499
-3362
1484
-17697
-23257
18298
24014
16772
-2672
31019
-13347
13235
26921
-11384
13645
-31803
3521
11116
-30626
-5020
-16910
27422
-10373
-32054
-23190
27413
28950
12129
17228
28707
19848
-5723
28654
14082
13200
30588
-15849
9539
-31712
-9181
9231
1433
-18666
12826
-2312
-18609
20063
30796
6503
-32501
-30354
-19240
25005
-3510
-32633
-19120
11681
-7001
-15293
-24891
12856
13845
-7568
21748
-26226
-8047
27274
-11699
-10315
19903
28979
-29484
-13564
6115
25261
7847
8939
-20178
-7876
-7383
20445
-4844
-9746
-13647
21573
16640
-21547
22088
-8785
-21991
-6928
26125
7898
15778
-26771
6372
18906
18532
26429
-22871
-20269
2731
1211
-13288
20918
18153
-20465
16651
29940
-27395
-2079
386
15538
-30026
-18955
3895
4013
22261
11988
-22800
-6624
-6402
-13731
15170
14336
-12278
29606
-4286
-1926
17405
27089
22514
9805
-15355
19704
27399
23714
-11291
3567
-790
-27724
-19893
-31188
20343
22016
27246
-22584
-12732
-32616
3799
-848
13627
-5265
28171
25875
4848
30089
-11161
-9952
25875
-25650
-27550
-15660
-25932
10239
7372
18059
-27731
21662
9152
-13046
29669
917
-11179
15343
-712
8147
-27373
8872
-29855
4805
28636
-26316
-14281
16778
32546
-4746
1102
-13943
24575
-24808
2294
-32601
22377
26566
-18217
-14615
-187
-21142
13871
-484
-29276
-24199
10069
466
10747
-9652
-6413
2071
22661
18784
-29186
11331
8639
17888
-22004
-23768
16436
21776
-13082
13533
-6331
-26156
13930
12127
-13086
-17962
-23638
-29933
-28732
11768
-16581
23908
9328
30059
-27225
3524
-32015
-18107
32695
5900
-9290
15335
31630
-4812
-23958
1300
-29832
5471
19851
-23700
9640
30328
4997
18092
1950
-12416
-28304
28825
6877
-8618
5168
-24480
8460
-7032
-17900
-24549
-6170
-10691
27293
11528
12749
-18568
-13396
12255
-24758
16102
-16482
16027
-7022
19657
28544
-31245
13067
-10887
6983
6557
-16482
16661
6887
-1066
-14040
3690
-29366
1839
-9030
-7228
30383
9588
-24697
25419
3373
-20424
-13694
-17049
-7545
11460
9664
-27757
-22217
29620
-32675
26004
-26087
-32740
18522
17437
-31442
-23375
32765
6968
14091
-4582
-24400
4871
30303
-21016
29108
15101
-5592
-30327
7614
-9269
2629
-6129
22617
1412
18682
25196
-8594
10762
-21237
-15116
624
-17794
-16650
13891
13313
-3910
-2380
20799
20951
-16670
-28922
-3327
-1145
6314
28229
-12123
-23100
-28340
-18883
-29939
-27645
-3838
-4167
-26903
-21379
21300
14712
12839
21697
-28517
-11575
-22861
17764
-5316
22125
18814
9476
26330
16426
-14918
-12939
25891
-18368
4217
11845
-4450
30040
12024
22414
27785
28807
-1903
-25741
-21050
19703
-18785
6317
13349
-20691
-9008
-29978
-25992
18405
18024
-23647
17590
-15602
-5623
10816
7112
5859
-14264
3310
-29932
-4222
31185
23496
24816
-635
-9089
13477
-2490
3200
-7004
-5723
28849
13057
21721
-16135
-19024
22940
25759
21528
17923
-19322
-3541
4845
-17593
-9604
-24801
-15991
-23855
28139
15386
6977
-31049
-5238
20524
17964
-18241
-24503
-18789
7169
-14685
-22040
-12685
-2156
21755
-5654
8342
-29459
16073
-17060
2385
-7943
10997
-2463
-235
-6884
13989
-12272
-6487
4984
-3817
-15570
-24949
-11152
-20744
14320
12577
-25573
-16872
17945
25779
-5696
25473
-2657
-14257
21610
-18842
32369
2503
-24280
22356
4346
18820
-14991
-25541
-30957
-542
15957
1916
7464
22524
-20734
20163
-20927
15761
-21466
32449
4337
-3392
-12540
12643
-28852
26511
8767
-25916
-9394
4910
-6056
-28750
2597
16640
12681
21307
4869
-3843
11967
18051
-29062
30710
3170
-21764
7792
-28757
10592
5099
25951
6430
-14367
-18745
-6321
5036
-15054
-263
-14853
-30495
355
11280
-28761
-16442
-28774
-9892
-16735
-11960
25336
-14184
1576
25241
27032
15213
-19517
28301
-14977
-16039
25216
-28203
18791
-14401
27109
-31005
13496
24992
4750
28183
-115
9681
-6268
-16878
-23652
-4072
-9738
-10329
-19481
11954
25266
-10174
-2808
3903
8721
16149
11773
-30304
-1820
-1154
-19659
-30599
-13144
23388
15137
-20093
-20490
25220
-28087
32248
386
11265
13141
-15543
2961
5071
-20270
16661
1975
-20934
31181
-10835
31043
-3509
-13605
4121
150
8198
-24117
-21131
-1254
4847
-15582
-30392
-3169
29195
-1044
-6886
-20377
-7450
-27681
9258
28740
-10482
32039
-9358
-13999
-629
26359
10132
-28084
22197
19885
26937
-8748
10347
18586
-19706
26197
-22159
-10735
6098
-24840
16871
-8939
15664
-6202
10107
17375
12336
25644
22877
-22991
378
8238
26796
-15561
25263
-23023
16341
-30578
-19160
-403
25397
31687
-26080
14329
-1098
8213
29238
-2561
29924
27689
13864
-19601
26878
-15012
12515
19942
-32176
-9295
-7588
-20547
-19721
-27474
18708
1951
31896
14460
6844
26352
-6981
-5752
438
1058
-249
-13463
32123
28151
-19341
-28473
-630
-20546
-3473
-28418
-25790
-25736
1312
8435
-4533
10320
-11513
3177
-2032
7038
-23108
292
6639
19790
-29739
-4170
-18691
-20858
31797
-10543
19499
-6225
15790
-19303
-13985
-22526
17560
-28487
1480
-14477
-6830
8702
28791
28444
-6330
17311
-13885
-16680
-4584
3253
-2859
-2326
-19800
21072
22468
-13539
29293
-23446
-12409
22523
23073
-6122
6200
-18636
18847
-25057
-26766
-8991
-4236
21654
4554
-25621
2185
586
2273
-24852
11184
-3985
13809
5425
-31036
15029
30296
25881
5999
-17814
-26090
-21453
-9200
18360
-16882
-20674
15350
-12132
25629
-3442
32558
-31565
5981
-29355
22181
-17895
-9865
-16727
-6667
29079
19907
30059
7357
28473
22486
-4727
-4628
-15228
19798
-29008
-10923
-8517
30459
-18680
-32755
-6579
29502
-18504
11378
13039
-26160
17295
-26533
-25401
-8685
21244
-10263
9340
29533
-20201
28496
13436
28964
-14282
30444
17453
11414
30710
-1980
-6752
5627
-16042
-23213
-32203
1376
7700
30511
-2451
10432
7671
-29671
23424
30479
20646
-364
-8216
12097
-27118
-27245
-2343
-11130
-12802
-31139
-7097
-25914
25221
23785
5071
11189
-19573
-1248
10753
25334
-15087
30334
-22114
-6077
10571
-20415
-26612
-10525
31726
6569
20235
-22272
-6673
-9285
-4526
31283
28687
-19028
22467
385
-3542
22027
12634
17991
-24903
-28970
8074
-7561
-28008
-11365
-31903
-3772
20177
-17685
-21041
5728
-18774
25759
23012
20467
-21537
-11744
-8549
-20940
-3046
-27709
-2589
13274
26272
-6138
-26921
2840
5543
-17312
-5945
32277
22779
5760
-6795
-25599
-27976
-28887
-4724
15526
-2087
27187
-30367
18982
-13248
-27831
10178
31630
-3453
-27654
7755
-32178
-7609
-11417
-15758
-2639
27456
-27673
11342
-2377
2474
9806
-28854
18399
-16828
-1877
-13466
-20042
20515
-801
-11499
8659
-10947
16436
-13703
27909
-19728
-16418
8315
-20655
-1069
-1180
-24545
-7516
10454
-21828
18433
31557
-17047
25052
28013
-7333
8319
9830
12065
-8195
-2293
6928
-1787
-8280
-16110
12572
-10536
13154
11299
29030
-20931
-17960
10872
23987
-10992
17414
12544
-19318
30721
23124
1592
-2409
-8289
24587
16761
14590
-3659
-11996
17185
25394
11886
-6585
-2467
-29145
-18818
-22134
14226
4927
19397
15241
-5080
24111
9156
19113
23654
-3466
16013
24511
17444
-10641
12504
-7218
3061
16977
2460
6110
-23294
-14596
25568
-7924
214
2131
-19668
13747
-20384
-371
2673
13792
-13649
-13721
20307
-27526
-1649
20999
2322
8954
1331
2398
12180
-9516
16916
-943
-13800
-27884
10253
-18106
20331
-17759
14140
4297
15055
15236
-26687
6403
-13404
8797
-19182
-14329
23858
-15819
20108
-31810
-20458
-29606
2255
-2787
-6177
1991
23868
23294
-28109
-7672
8926
22851
4474
-29536
28459
-13433
13490
24822
-32702
566
-13057
8719
13842
-26244
14630
-23487
-17850
25888
-4322
20620
23033
-20186
-13937
27404
9870
-7064
4694
-795
19163
17547
-15272
-25846
-18579
-4880
-21267
3990
-6296
31343
-6057
24862
-16617
-27866
-20761
23038
-30174
-11882
-3017
-32011
-18472
25399
28552
-24118
28726
17386
31855
13346
28842
-31051
28357
8275
-10375
-4501
24793
-27697
1542
-21440
11682
-23391
-10880
31190
8140
15436
-9121
32110
5876
9902
8368
-17395
-28372
29011
22738
7002
-7533
14989
-20159
-14865
28997
-17825
-8132
13503
-25266
-2754
-3236
18134
18914
-11706
2457
22041
15103
-5259
30142
23675
-12879
13536
10258
27293
15395
23456
14758
-28905
-18402
23299
-5566
13736
-2611
2791
1449
-12086
11205
-10582
24978
1069
25903
18686
-11480
1882
-5866
-8831
23017
-25386
-14401
-7978
13960
-9262
23950
26151
19438
17202
-11700
8258
-28758
-3755
8980
-17949
-32289
29440
24781
29361
2199
9934
19592
17137
-22268
-11320
6800
-25850
-18975
-10827
-32011
9853
-27983
17051
-30548
-8198
-16364
-32169
14215
14043
12037
-17730
13196
28530
-984
20995
-27581
-8969
32440
-18114
-20379
-14469
-388
-19463
-15739
-14005
32529
-30424
15204
29442
-8373
-11587
-21996
-25535
32306
-12333
-17828
-26644
8110
-28039
22748
9739
-10044
19097
-15308
21134
-19141
25198
28218
-2614
-9245
15462
3019
31239
-16013
-30811
-32477
-20564
24021
8450
-14418
4747
8774
23354
3388
7498
8555
-16416
10461
30281
2488
-13338
-26783
28647
-882
-773
31956
-31001
-17937
-29182
15634
13872
-15700
22423
-11621
-7177
-28288
3724
15926
-512
25838
264
27490
-16868
-18184
-19219
-15936
-15092
13423
-20540
495
11480
-14071
-25624
11540
-18702
28778
4362
20346
-27973
16334
10113
-12219
-29818
9010
-6440
-29569
-4987
17163
16811
1216
4645
-7588
-18329
2244
-19923
14284
31567
24622
10819
-9509
-31495
30992
24049
14600
-31078
-32552
-694
11708
20648
-283
-23166
-29514
6854
25926
6282
18290
-9436
14648
-11083
19882
-23154
8064
-17635
-26580
-27173
26718
12489
3291
9664
9395
11635
7987
91
-31201
-1047
12114
26023
4656
13749
13276
32147
1905
-14943
-1730
-30498
15100
17969
-19
24802
-11926
8820
-19755
27379
15683
-16106
-25275
12997
26217
17266
14237
-6560
-8201
-3272
2187
5500
10197
19607
5936
-1085
24626
-14019
-10411
-15812
5107
29510
19296
22529
-403
-12330
5169
-14655
19739
25588
26179
-29607
11701
1
-5928
28718
13389
-7162
-1579
15970
24135
21630
27561
-3501
-9473
-11898
21760
-21245
-21359
31192
-27339
22932
-10964
25408
16369
10447
-3788
13564
-10718
29254
-28265
-6144
-2993
10118
2897
13402
19423
22395
2166
-22206
-13594
-10556
31581
-9483
-21732
22789
-20965
31949
-13581
12359
-15689
-21864
3205
-24441
3602
28974
-9503
-31955
1048
-6223
-19798
-12957
20614
23693
-3366
-4238
20748
-22720
31131
-29694
31137
-26362
31265
-11405
16555
22981
21570
1549
29227
-20825
-3181
27518
-5106
-20380
6109
28362
-8865
-18997
-12680
-11677
-201
-21458
8554
28063
13407
31101
19885
24213
17650
9045
25739
11305
492
-12588
-7492
22927
-2163
31319
-16826
-1175
-13573
14384
-30972
14015
409
-30896
9834
-17186
11523
23195
14046
25764
-24251
-11546
-28193
21958
30841
11377
-3295
14037
8822
9985
24467
-32590
-21965
3739
-25636
-20445
-8104
-9126
12982
-1585
-15101
26020
11705
-31353
26574
22630
22765
30503
32737
28206
-6494
-18965
-3305
5849
16717
25828
32443
30774
26910
-4331
27484
13854
12001
-5606
-32430
-20209
-7378
1640
21159
-30696
29945
25316
-22188
-5107
32252
28266
-13639
-8255
7756
-10434
-13311
30003
17907
6160
-1658
-839
30400
3641
26763
22066
12936
14787
25773
27781
26510
-6477
-21630
713
2251
-30636
24597
21403
-18634
21300
-11956
-32174
-8692
4034
-15876
-24688
-16439
20809
24255
8018
-3732
3996
-32373
-5165
-26538
-9527
23840
-25229
-3187
-9607
26891
-24382
16170
9174
-1356
-1871
-13128
-5894
4784
8028
-27075
-23338
-6127
21907
-6791
-24319
-4259
-7423
-29407
3837
11264
-6981
26467
-7026
17960
13055
17458
27708
9100
32669
26061
19902
14599
12511
17328
9757
29937
17728
11142
-19564
-14015
24246
16775
20248
-566
707
29625
20607
32211
-32319
15273
9309
-29572
-19956
-14623
3799
2194
23498
-5582
12045
-17215
14477
31506
-21212
-16048
3827
-22319
15605
-18578
-22840
-17223
17323
-9007
15387
24167
5306
-5882
-19551
-17402
-16497
-9834
-19417
4462
-1594
-4747
20044
12200
-30570
-19192
19275
-2774
16634
-25760
18835
8518
13018
20256
-30097
-26124
-334
-28702
21102
164
-19980
7878
4437
-27974
-1286
24308
8265
20165
-18468
25383
-6450
-29828
3461
-14148
24899
-13072
20722
3101
28833
9201
25401
-31323
13510
-6535
16415
-1767
-28586
7657
-4685
-21101
-20485
5527
9486
30407
18942
-1563
-8472
2124
-6122
-26124
28183
-32218
-24858
11066
-22739
-25858
-19073
21052
9900
-28122
-29858
26491
-32219
-7324
23921
27482
-17179
32063
-31821
24832
7204
-15607
-26835
-25351
-19492
-8961
6101
24500
23842
-19229
-17361
-14307
31493
-10512
-14625
-32289
-2036
-26851
-28690
27170
10452
9056
14407
2724
-13394
-22251
17287
-26156
-19298
4202
17481
23468
14046
27387
-12090
3870
15651
-32073
-15894
1492
24752
-32242
-32575
3469
-12665
-21164
-29426
-19027
5258
-19354
15296
31972
-20517
-6459
14315
27468
-27546
-13525
-25680
21117
-10029
12282
-28404
12157
32473
-25435
8342
3430
-13882
-28669
-14560
7331
22424
4256
13663
13691
19725
-11847
31672
-20717
6604
-7906
-24343
14489
-32752
-19359
-2184
-23824
21031
17846
31219
-25659
15983
-22074
-25734
-32401
12679
21603
-5444
-28284
2802
-14310
-16354
-27921
-24697
27030
13871
-29840
26942
10600
-23876
28967
30247
16152
2056
2097
-771
30077
-20123
-5019
-28119
22694
13122
29614
-3183
28165
-8644
26589
8435
-7567
2994
-30078
-6316
25192
23221
23263
11811
-18126
-24500
28814
21549
9128
-21600
-17505
-6709
7429
-8756
9546
-13094
-23047
-29340
-21193
4472
-31303
15198
-8030
-8181
-26533
-30076
26249
31565
16216
-2022
-23746
24908
-27333
27412
14170
10527
-1028
-31641
-29531
-21902
16549
24270
27321
27627
-7943
-24644
5749
6252
-30348
-22846
-19439
23401
4975
-31241
7393
15772
-28880
-25192
2985
13096
15027
30389
-23030
-73
30334
8668
10402
-10794
-31162
-946
-23664
-9773
24607
-5719
32545
-21634
-4074
-9922
-24155
-2555
-1615
31980
13261
3425
-29072
25941
28440
-6755
-8319
-20441
24894
2002
-21016
30912
18550
-32716
-7836
-26727
21531
30966
-23969
5959
24190
-8511
-5758
30048
-17233
11389
30151
-25799
19605
-30993
-15552
19174
31233
-26211
-19837
23957
12496
29702
29836
-10206
-10940
-27921
-27235
-28608
31229
9425
18272
-16273
-9246
-5283
19852
-7470
30349
-2635
-8408
25961
10798
-2172
-18102
-16013
3905
-18580
-17640
-14523
-25449
6943
-13439
-23531
-32544
-3276
2543
-6990
5692
-61
-28651
-8585
32308
-10700
-30593
27538
1142
-30333
-29542
-2979
9354
2686
5655
32674
14661
-23216
-19705
10401
-25182
3978
24069
23336
-6688
1501
12690
9446
13596
30498
10261
-19422
-12737
9255
16742
-13915
-23975
-26016
-24360
-10348
24355
-20870
27578
20322
28433
641
8296
14507
-21048
15157
-11988
-15202
649
-23856
10083
-27624
-14634
-19203
-7717
-27919
-25202
-2086
-21270
-14117
-12959
15857
-9198
-17704
26457
-15312
17747
-24881
-14030
-24174
-28610
-7220
-29814
-27430
210
-280
-8982
-22917
30892
-20491
-23492
-31328
24066
11702
19868
1689
20340
-31643
8497
23592
-31660
12654
24663
16376
-6583
29401
17113
31636
803
7279
29317
-14937
-2939
30590
-19207
-7157
-21648
-6565
31554
-5069
13528
7845
9262
4719
-4472
-14072
21051
21909
-1735
-20591
27268
-9651
-21492
-8172
26642
16628
-26321
27417
-28868
-14389
3892
25639
5698
-3624
-12958
32432
-23933
24343
-23503
11298
10215
27142
31333
17942
6492
9369
298
-28995
15435
-22156
10118
905
-16648
-23101
-18659
-84
7484
-29638
18935
-16056
2670
-2977
-21309
19346
-20175
-24835
-28299
11850
17221
11194
-1417
21672
-21396
-1624
15193
5289
3290
-2603
10098
-8844
-27088
-12624
11603
20836
18180
10810
-31388
32152
-11717
19159
-21764
-24244
8787
-22622
-25369
8000
-10884
24012
18026
5257
29420
-23314
12041
-17698
21922
15840
1612
-24893
-17909
-12343
-21883
5219
10183
17517
-27131
10357
18716
3566
-18312
27346
-11165
-7276
-22959
-23413
16649
-3965
22430
-29081
11026
-4899
23219
22933
3064
-31983
28386
-1976
25724
-9817
1981
-17313
-21951
14699
-4725
-3154
-9050
17630
-77
-6104
19941
-18979
26366
494
-4454
28335
-1700
16455
17539
16583
5145
13052
3343
-27542
18270
-24606
18059
7884
4101
-7694
32580
7211
-28448
-157
29595
6759
4714
-26601
11493
-23032
-32742
15022
15012
11003
