10000
32766
32765
32763
32749
32747
32737
32735
32733
32732
32712
32697
32695
32682
32674
32669
32658
32653
32646
32645
32640
32620
32604
32602
32598
32585
32585
32580
32566
32564
32558
32558
32553
32553
32548
32546
32545
32543
32542
32537
32529
32526
32486
32473
32460
32457
32449
32443
32440
32440
32438
32432
32429
32429
32427
32425
32420
32414
32402
32397
32369
32363
32359
32357
32356
32340
32336
32324
32319
32309
32308
32306
32303
32299
32293
32277
32265
32253
32252
32248
32246
32242
32227
32224
32211
32211
32209
32205
32190
32187
32185
32182
32181
32176
32170
32165
32152
32147
32142
32137
32136
32128
32127
32123
32123
32117
32114
32110
32108
32104
32072
32063
32058
32051
32039
32038
32035
32033
32033
32022
32020
32020
32016
32004
31992
31991
31980
31972
31960
31956
31954
31951
31949
31941
31940
31930
31925
31919
31910
31908
31908
31904
31896
31882
31880
31879
31864
31857
31855
31854
31846
31835
31830
31820
31818
31816
31816
31802
31797
31781
31773
31771
31759
31745
31741
31737
31736
31726
31722
31691
31687
31676
31674
31672
31664
31651
31640
31636
31636
31634
31630
31630
31629
31626
31624
31610
31595
31594
31588
31584
31581
31578
31569
31567
31565
31564
31562
31557
31556
31554
31543
31538
31535
31506
31506
31495
31493
31484
31477
31447
31447
31445
31441
31439
31436
31428
31412
31403
31400
31391
31384
31377
31358
31343
31333
31321
31319
31315
31314
31314
31313
31310
31297
31283
31277
31275
31273
31266
31265
31242
31239
31234
31233
31229
31228
31224
31222
31219
31217
31206
31200
31194
31192
31190
31185
31181
31180
31180
31175
31171
31169
31150
31137
31133
31131
31124
31110
31107
31101
31071
31071
31061
31052
31052
31043
31043
31042
31039
31028
31025
31019
31008
31002
30992
30988
30984
30966
30950
30950
30936
30926
30917
30912
30901
30896
30892
30859
30857
30841
30818
30814
30812
30796
30788
30774
30772
30741
30727
30721
30711
30710
30710
30704
30671
30658
30647
30627
30621
30619
30613
30594
30594
30590
30588
30587
30586
30582
30582
30581
30578
30577
30546
30546
30532
30528
30511
30508
30506
30503
30502
30498
30498
30479
30459
30456
30450
30448
30444
30439
30426
30414
30412
30412
30410
30409
30407
30400
30396
30389
30383
30365
30362
30358
30356
30349
30341
30336
30334
30334
30330
30328
30327
30321
30316
30303
30303
30296
30286
30281
30276
30267
30254
30247
30244
30233
30218
30209
30209
30203
30198
30198
30193
30182
30177
30173
30153
30151
30142
30140
30128
30124
30124
30114
30096
30090
30090
30089
30082
30077
30059
30059
30048
30040
30017
30003
29994
29982
29980
29957
29955
29945
29940
29937
29924
29921
29912
29908
29907
29867
29863
29861
29854
29853
29848
29844
29836
29816
29813
29811
29780
29773
29768
29757
29743
29741
29728
29715
29708
29702
29690
29680
29669
29657
29652
29651
29625
29620
29619
29614
29606
29600
29596
29595
29591
29587
29573
29566
29566
29561
29556
29552
29546
29535
29535
29533
29532
29531
29527
29527
29527
29522
29511
29510
29502
29491
29484
29478
29476
29472
29471
29442
29440
29439
29438
29422
29421
29420
29401
29389
29385
29382
29361
29357
29350
29347
29344
29317
29317
29315
29295
29295
29293
29291
29277
29273
29272
29271
29261
29256
29254
29254
29254
29242
29238
29227
29220
29217
29208
29195
29192
29188
29164
29144
29127
29122
29119
29111
29108
29104
29101
29093
29079
29067
29035
29030
29021
29011
29010
29004
28998
28997
28991
28989
28982
28979
28974
28973
28972
28968
28967
28966
28965
28964
28955
28950
28938
28930
28916
28907
28905
28897
28886
28880
28871
28871
28853
28849
28845
28842
28840
28835
28833
28830
28825
28825
28815
28814
28807
28797
28791
28786
28778
28778
28776
28770
28753
28740
28726
28718
28717
28716
28716
28707
28701
28687
28676
28671
28666
28662
28654
28647
28636
28621
28610
28599
28591
28585
28562
28554
28552
28544
28533
28531
28530
28530
28521
28505
28496
28494
28494
28477
28474
28473
28469
28459
28444
28440
28433
28433
28433
28431
28423
28416
28409
28407
28402
28394
28393
28390
28389
28386
28373
28373
28370
28366
28366
28365
28362
28362
28360
28357
28354
28340
28340
28337
28335
28318
28301
28296
28285
28284
28283
28266
28264
28263
28256
28254
28246
28229
28220
28218
28208
28206
28203
28189
28183
28183
28172
28171
28171
28165
28153
28151
28139
28139
28124
28116
28102
28087
28076
28067
28063
28037
28025
28025
28021
28021
28015
28013
28001
27991
27988
27987
27979
27963
27955
27954
27939
27927
27924
27923
27919
27909
27909
27895
27885
27881
27868
27855
27850
27844
27843
27843
27819
27817
27804
27801
27795
27792
27785
27785
27781
27774
27772
27770
27768
27767
27761
27757
27742
27738
27733
27712
27708
27705
27705
27690
27689
27687
27686
27686
27685
27684
27681
27669
27655
27651
27649
27647
27644
27636
27629
27627
27627
27615
27612
27610
27601
27591
27579
27578
27567
27561
27549
27540
27539
27538
27528
27525
27520
27518
27508
27490
27488
27484
27483
27482
27468
27466
27464
27459
27456
27455
27441
27422
27421
27417
27414
27414
27413
27412
27412
27404
27399
27398
27387
27382
27379
27357
27356
27346
27339
27327
27323
27323
27321
27306
27303
27303
27302
27295
27293
27293
27289
27277
27274
27270
27268
27258
27256
27254
27246
27246
27246
27246
27239
27239
27228
27214
27194
27187
27186
27177
27176
27172
27170
27163
27147
27143
27142
27123
27119
27117
27116
27116
27109
27109
27096
27093
27089
27078
27071
27069
27055
27054
27046
27032
27032
27030
27016
27015
27002
26988
26981
26977
26977
26962
26962
26946
26942
26937
26930
26925
26921
26917
26910
26908
26899
26897
26897
26891
26890
26882
26882
26878
26871
26866
26858
26857
26839
26837
26831
26831
26824
26811
26796
26786
26781
26774
26763
26762
26759
26751
26720
26718
26706
26690
26683
26679
26668
26642
26626
26617
26616
26606
26600
26596
26589
26574
26566
26548
26531
26529
26521
26517
26516
26511
26510
26505
26498
26491
26482
26477
26467
26462
26457
26454
26447
26443
26440
26429
26424
26419
26396
26394
26394
26389
26384
26376
26374
26371
26371
26369
26366
26359
26357
26353
26352
26350
26345
26343
26331
26330
26297
26286
26283
26281
26272
26269
26249
26227
26217
26213
26209
26208
26199
26198
26197
26195
26184
26180
26179
26179
26177
26174
26153
26151
26149
26143
26130
26125
26125
26113
26108
26095
26077
26074
26073
26072
26064
26061
26057
26042
26037
26036
26031
26030
26028
26023
26020
26009
26004
26002
26000
25998
25994
25992
25986
25978
25961
25956
25954
25952
25951
25949
25946
25944
25941
25932
25929
25926
25926
25921
25914
25909
25903
25897
25891
25888
25886
25884
25882
25881
25880
25875
25875
25871
25844
25838
25832
25828
25814
25800
25790
25790
25783
25779
25779
25773
25766
25764
25763
25759
25759
25757
25747
25745
25739
25736
25724
25714
25705
25702
25701
25696
25687
25675
25674
25665
25664
25648
25644
25641
25640
25639
25635
25629
25612
25588
25588
25586
25584
25570
25568
25566
25565
25562
25559
25534
25531
25527
25517
25517
25502
25492
25481
25479
25473
25472
25472
25461
25460
25456
25444
25444
25442
25438
25426
25419
25411
25408
25405
25401
25399
25398
25397
25394
25387
25386
25383
25380
25360
25355
25339
25336
25336
25334
25326
25316
25307
25301
25300
25279
25275
25269
25266
25263
25263
25261
25260
25259
25256
25249
25249
25241
25221
25220
25216
25204
25203
25203
25203
25198
25198
25196
25192
25187
25186
25185
25141
25111
25100
25093
25088
25086
25084
25082
25076
25065
25064
25063
25062
25060
25055
25052
25035
25032
25028
25023
25023
25010
25005
24995
24992
24981
24979
24978
24970
24956
24955
24939
24933
24926
24924
24919
24912
24908
24908
24899
24898
24894
24892
24891
24864
24864
24862
24859
24832
24827
24823
24822
24819
24816
24816
24804
24802
24799
24793
24792
24789
24781
24780
24778
24761
24752
24751
24744
24735
24733
24733
24716
24685
24682
24681
24666
24664
24663
24657
24653
24653
24648
24633
24626
24624
24622
24615
24614
24608
24607
24601
24600
24597
24591
24587
24578
24575
24565
24544
24541
24535
24533
24532
24525
24513
24511
24504
24503
24500
24467
24467
24399
24384
24362
24359
24355
24355
24347
24343
24332
24325
24324
24311
24309
24308
24287
24283
24281
24276
24270
24266
24266
24263
24255
24246
24230
24213
24212
24190
24167
24163
24159
24159
24156
24148
24138
24135
24130
24122
24111
24111
24103
24102
24099
24096
24093
24076
24069
24066
24061
24058
24049
24048
24048
24031
24021
24018
24017
24014
24012
24010
24007
23987
23968
23960
23957
23950
23942
23942
23932
23931
23924
23921
23917
23908
23907
23902
23868
23868
23863
23858
23848
23848
23846
23842
23841
23840
23840
23840
23839
23833
23832
23812
23802
23798
23785
23784
23781
23778
23776
23770
23747
23738
23736
23736
23733
23726
23722
23720
23717
23714
23709
23706
23695
23693
23684
23675
23654
23645
23627
23626
23623
23623
23619
23607
23602
23597
23593
23592
23582
23577
23573
23568
23563
23557
23549
23541
23540
23525
23521
23521
23508
23502
23499
23498
23496
23492
23468
23463
23456
23451
23448
23442
23424
23421
23413
23408
23401
23401
23392
23391
23388
23387
23374
23354
23336
23326
23324
23312
23299
23294
23281
23280
23271
23270
23263
23240
23221
23219
23195
23194
23186
23185
23176
23148
23144
23140
23133
23124
23122
23121
23121
23118
23117
23103
23093
23090
23080
23076
23073
23069
23068
23063
23045
23040
23038
23037
23033
23025
23017
23016
23012
22996
22981
22966
22959
22944
22940
22939
22933
22932
22927
22920
22917
22908
22903
22892
22891
22889
22877
22875
22851
22837
22834
22830
22829
22812
22807
22807
22789
22787
22779
22772
22767
22766
22765
22748
22748
22738
22738
22736
22723
22719
22709
22709
22708
22708
22700
22694
22689
22688
22683
22666
22661
22658
22647
22634
22630
22630
22628
22625
22622
22621
22617
22613
22608
22606
22605
22603
22590
22579
22575
22575
22572
22566
22558
22555
22551
22529
22524
22523
22516
22514
22514
22489
22486
22483
22475
22471
22468
22467
22430
22424
22423
22418
22416
22414
22407
22401
22397
22395
22388
22377
22372
22366
22357
22356
22344
22334
22326
22315
22310
22310
22290
22288
22273
22261
22255
22248
22244
22231
22225
22224
22214
22212
22203
22199
22197
22197
22188
22185
22181
22175
22135
22134
22133
22132
22126
22125
22121
22110
22103
22098
22096
22088
22080
22079
22066
22061
22041
22031
22027
22016
22009
22009
21999
21999
21998
21994
21987
21976
21973
21968
21964
21958
21933
21932
21929
21927
21924
21922
21921
21921
21920
21909
21907
21901
21896
21887
21886
21874
21871
21869
21851
21842
21832
21823
21813
21812
21801
21792
21791
21785
21785
21780
21779
21776
21773
21768
21768
21763
21760
21759
21755
21748
21734
21730
21725
21721
21717
21712
21697
21690
21674
21672
21665
21662
21656
21654
21651
21648
21647
21647
21643
21630
21627
21622
21621
21614
21610
21603
21579
21573
21570
21549
21545
21531
21530
21528
21528
21503
21488
21486
21484
21483
21473
21433
21430
21419
21415
21412
21404
21403
21385
21379
21377
21364
21343
21307
21300
21300
21295
21291
21275
21274
21253
21244
21210
21208
21203
21180
21179
21177
21166
21162
21159
21146
21141
21134
21129
21119
21117
21116
21111
21109
21103
21102
21101
21093
21087
21085
21072
21067
21061
21056
21052
21051
21043
21042
21040
21034
21031
21022
21019
20999
20995
20992
20984
20981
20961
20959
20951
20934
20925
20918
20901
20893
20892
20887
20872
20869
20859
20858
20855
20855
20842
20841
20836
20836
20822
20818
20809
20809
20806
20805
20799
20792
20790
20786
20774
20764
20759
20758
20749
20748
20725
20722
20721
20710
20708
20706
20703
20697
20687
20683
20679
20671
20656
20653
20648
20648
20646
20639
20635
20630
20620
20614
20607
20604
20604
20565
20550
20535
20529
20527
20524
20515
20498
20467
20454
20447
20445
20444
20441
20432
20428
20421
20408
20405
20400
20396
20377
20372
20360
20348
20346
20346
20343
20340
20337
20336
20336
20331
20322
20312
20307
20305
20286
20283
20273
20266
20256
20253
20248
20248
20247
20235
20215
20209
20202
20202
20194
20180
20177
20167
20165
20163
20163
20134
20122
20121
20116
20109
20108
20104
20103
20088
20085
20080
20072
20063
20052
20044
20038
20021
20010
20006
20006
19996
19984
19980
19958
19954
19942
19941
19932
19929
19928
19913
19910
19907
19907
19903
19902
19901
19895
19886
19885
19885
19885
19882
19871
19868
19859
19852
19851
19848
19845
19834
19821
19821
19820
19815
19805
19798
19790
19786
19784
19779
19778
19759
19758
19752
19740
19739
19732
19728
19725
19724
19718
19711
19709
19705
19704
19703
19686
19683
19681
19672
19659
19657
19647
19646
19628
19618
19614
19607
19605
19601
19594
19592
19585
19576
19558
19551
19544
19535
19506
19499
19492
19485
19478
19441
19438
19435
19432
19431
19423
19411
19402
19400
19399
19397
19394
19386
19377
19371
19356
19346
19344
19344
19331
19319
19296
19296
19275
19271
19264
19260
19254
19244
19242
19226
19215
19210
19182
19174
19169
19163
19159
19134
19125
19125
19116
19113
19099
19097
19075
19056
19054
19053
19036
19022
19019
19007
19007
19007
19006
19005
18998
18987
18983
18982
18970
18960
18954
18942
18935
18933
18929
18925
18925
18920
18918
18914
18907
18906
18899
18898
18885
18854
18851
18847
18836
18835
18835
18829
18820
18820
18818
18815
18814
18805
18805
18791
18787
18784
18767
18758
18758
18748
18736
18726
18721
18720
18716
18708
18708
18708
18707
18689
18686
18682
18666
18663
18659
18652
18647
18638
18632
18623
18619
18598
18586
18578
18554
18550
18550
18534
18532
18522
18500
18495
18490
18479
18474
18472
18467
18461
18453
18434
18433
18424
18410
18405
18399
18397
18396
18396
18376
18369
18360
18358
18357
18344
18339
18329
18315
18313
18313
18306
18304
18298
18296
18290
18284
18273
18272
18270
18255
18244
18242
18236
18229
18218
18202
18201
18195
18191
18190
18180
18164
18153
18143
18134
18129
18122
18116
18112
18105
18092
18092
18068
18063
18061
18059
18059
18051
18047
18036
18026
18026
18024
18017
18012
18007
17999
17998
17991
17981
17973
17969
17964
17963
17961
17960
17955
17945
17942
17927
17923
17907
17905
17889
17888
17877
17872
17860
17852
17846
17842
17841
17836
17817
17811
17805
17801
17795
17795
17787
17764
17761
17751
17747
17741
17735
17732
17728
17721
17719
17714
17706
17685
17684
17673
17650
17648
17637
17630
17627
17623
17611
17606
17604
17593
17590
17582
17580
17568
17560
17547
17546
17539
17529
17528
17517
17514
17513
17498
17490
17486
17483
17481
17481
17477
17466
17458
17453
17444
17443
17443
17440
17437
17416
17416
17414
17411
17405
17399
17399
17395
17386
17376
17375
17372
17365
17337
17335
17334
17328
17323
17318
17311
17303
17295
17290
17287
17279
17272
17266
17253
17247
17228
17228
17225
17221
17217
17205
17203
17202
17185
17181
17176
17173
17163
17163
17143
17137
17116
17113
17106
17103
17100
17082
17073
17051
17029
16996
16986
16985
16977
16971
16970
16958
16956
16955
16950
16945
16933
16923
16920
16919
16916
16911
16906
16902
16900
16900
16899
16896
16895
16882
16875
16872
16871
16869
16832
16811
16810
16797
16795
16785
16785
16778
16775
16772
16761
16760
16755
16745
16742
16738
16736
16717
16717
16714
16692
16689
16662
16661
16661
16654
16651
16649
16647
16646
16640
16640
16637
16634
16630
16628
16628
16624
16607
16607
16603
16602
16600
16591
16586
16583
16578
16565
16565
16565
16559
16557
16555
16549
16538
16538
16536
16524
16520
16511
16506
16505
16504
16479
16467
16467
16455
16445
16444
16436
16436
16435
16427
16426
16422
16415
16411
16411
16377
16377
16376
16374
16369
16356
16348
16343
16341
16334
16321
16316
16313
16285
16282
16276
16275
16274
16273
16264
16261
16260
16245
16244
16224
16222
16216
16214
16205
16204
16199
16191
16181
16170
16162
16158
16154
16152
16149
16148
16143
16138
16137
16128
16121
16119
16102
16097
16092
16073
16068
16063
16049
16044
16038
16030
16028
16027
16023
16017
16014
16013
15987
15986
15983
15981
15978
15976
15970
15961
15957
15950
15946
15940
15938
15933
15928
15926
15924
15913
15892
15885
15871
15864
15857
15847
15840
15835
15815
15802
15797
15790
15784
15778
15778
15775
15774
15772
15761
15761
15754
15742
15718
15716
15715
15711
15705
15702
15689
15683
15673
15667
15664
15660
15652
15651
15634
15628
15621
15621
15613
15610
15605
15603
15602
15597
15594
15578
15578
15577
15553
15541
15538
15536
15535
15526
15515
15498
15487
15478
15465
15462
15453
15445
15445
15436
15435
15429
15428
15427
15422
15422
15420
15404
15395
15393
15389
15387
15386
15378
15357
15357
15356
15350
15343
15341
15335
15330
15317
15314
15296
15290
15287
15282
15273
15273
15264
15254
15249
15244
15241
15240
15237
15236
15231
15226
15222
15216
15213
15212
15206
15204
15204
15200
15198
15197
15195
15193
15185
15184
15184
15177
15171
15170
15168
15157
15143
15139
15137
15114
15103
15102
15101
15100
15098
15089
15087
15080
15080
15070
15064
15064
15061
15059
15055
15035
15035
15029
15029
15027
15022
15021
15012
14997
14989
14981
14976
14972
14952
14947
14940
14937
14934
14933
14927
14912
14910
14909
14902
14897
14897
14891
14889
14873
14867
14835
14832
14820
14801
14787
14781
14773
14769
14768
14767
14759
14758
14750
14748
14747
14746
14737
14730
14721
14718
14712
14702
14699
14682
14681
14673
14661
14659
14654
14648
14645
14633
14630
14629
14614
14613
14600
14599
14599
14596
14590
14583
14579
14569
14558
14555
14545
14541
14540
14526
14519
14516
14507
14492
14492
14489
14481
14478
14477
14472
14472
14465
14460
14459
14442
14436
14433
14423
14420
14417
14416
14413
14407
14407
14399
14389
14384
14377
14364
14361
14360
14337
14336
14331
14329
14328
14322
14320
14315
14314
14302
14294
14284
14274
14273
14270
14253
14238
14237
14236
14226
14219
14215
14209
14203
14201
14199
14198
14198
14186
14185
14170
14151
14146
14140
14131
14127
14118
14114
14112
14111
14091
14089
14084
14082
14057
14053
14051
14051
14051
14046
14046
14043
14043
14037
14032
14026
14022
14019
14015
14008
13992
13989
13983
13977
13960
13958
13957
13949
13939
13938
13936
13930
13921
13914
13899
13891
13887
13886
13874
13872
13871
13871
13864
13860
13854
13850
13845
13842
13839
13826
13818
13814
13809
13803
13796
13795
13792
13782
13766
13762
13760
13752
13749
13747
13740
13736
13731
13729
13727
13720
13711
13703
13691
13691
13688
13687
13664
13663
13655
13646
13645
13627
13623
13596
13588
13570
13569
13565
13564
13560
13556
13549
13548
13545
13544
13536
13533
13528
13516
13510
13503
13496
13490
13484
13482
13477
13475
13462
13456
13436
13431
13431
13427
13423
13415
13407
13402
13389
13355
13349
13346
13337
13326
13326
13318
13313
13303
13299
13295
13283
13278
13276
13274
13261
13251
13249
13242
13241
13235
13231
13203
13202
13200
13200
13199
13198
13196
13196
13172
13171
13165
13154
13154
13144
13144
13141
13135
13124
13122
13116
13109
13108
13096
13084
13083
13077
13067
13062
13057
13057
13055
13052
13039
13038
13026
13022
13018
12997
12994
12991
12988
12987
12982
12978
12954
12950
12937
12936
12934
12922
12891
12889
12875
12864
12864
12863
12861
12856
12854
12853
12839
12837
12826
12822
12817
12811
12790
12776
12766
12749
12733
12727
12721
12718
12700
12697
12696
12695
12692
12690
12689
12681
12679
12674
12674
12671
12664
12658
12658
12654
12652
12643
12634
12632
12629
12626
12597
12596
12594
12591
12591
12587
12582
12577
12572
12570
12557
12544
12537
12518
12515
12511
12504
12501
12496
12495
12489
12476
12465
12462
12442
12432
12422
12421
12419
12414
12405
12398
12391
12382
12375
12368
12359
12354
12349
12347
12336
12335
12319
12319
12319
12282
12277
12266
12257
12255
12235
12230
12225
12224
12217
12211
12200
12198
12192
12191
12180
12177
12173
12168
12157
12143
12143
12133
12129
12127
12126
12124
12122
12118
12115
12114
12113
12099
12097
12093
12089
12082
12081
12070
12065
12063
12045
12043
12042
12041
12037
12029
12024
12014
12008
12006
12006
12001
11988
11984
11982
11977
11976
11975
11967
11960
11958
11954
11951
11951
11937
11931
11930
11924
11921
11916
11907
11886
11880
11850
11845
11826
11818
11811
11773
11768
11765
11747
11733
11717
11714
11712
11711
11710
11708
11705
11705
11702
11701
11687
11683
11682
11681
11680
11680
11669
11641
11640
11636
11635
11630
11629
11603
11602
11601
11600
11599
11587
11583
11577
11557
11557
11551
11551
11541
11540
11532
11528
11523
11514
11507
11501
11493
11485
11480
11461
11460
11455
11447
11443
11439
11417
11415
11414
11389
11387
11386
11386
11378
11378
11377
11347
11342
11338
11332
11331
11331
11329
11314
11310
11305
11299
11298
11280
11278
11274
11271
11265
11264
11263
11262
11261
11259
11258
11248
11246
11244
11238
11232
11223
11219
11215
11212
11209
11208
11205
11200
11199
11194
11189
11184
11170
11168
11166
11158
11151
11151
11142
11139
11136
11116
11107
11096
11081
11077
11069
11066
11047
11037
11026
11010
11003
10997
10985
10932
10919
10897
10897
10890
10872
10854
10853
10837
10834
10819
10817
10816
10810
10798
10796
10792
10773
10762
10759
10753
10753
10747
10721
10688
10683
10660
10649
10645
10640
10640
10638
10634
10630
10621
10600
10594
10592
10587
10584
10582
10576
10571
10564
10560
10553
10535
10535
10527
10520
10511
10510
10508
10505
10499
10496
10496
10481
10480
10461
10454
10452
10447
10447
10432
10431
10423
10421
10403
10402
10401
10400
10399
10383
10371
10360
10357
10355
10350
10348
10347
10346
10341
10338
10334
10324
10320
10312
10300
10274
10261
10258
10253
10246
10243
10239
10215
10210
10208
10202
10197
10183
10180
10178
10173
10167
10138
10132
10128
10118
10118
10117
10115
10113
10113
10107
10105
10101
10099
10098
10083
10079
10079
10071
10069
10050
10049
10046
10035
10031
10025
10023
10015
10007
10006
9998
9994
9986
9985
9979
9978
9977
9971
9970
9965
9963
9948
9939
9934
9923
9919
9916
9907
9902
9900
9870
9867
9864
9854
9854
9854
9853
9841
9836
9834
9830
9816
9814
9806
9806
9805
9789
9788
9761
9757
9750
9739
9731
9726
9723
9716
9681
9664
9664
9658
9643
9640
9640
9631
9593
9588
9577
9571
9568
9561
9546
9545
9544
9543
9539
9536
9519
9500
9486
9481
9476
9476
9473
9469
9467
9446
9425
9422
9413
9398
9395
9374
9369
9366
9354
9352
9341
9340
9337
9328
9326
9321
9311
9309
9304
9289
9284
9283
9276
9269
9262
9258
9255
9254
9249
9247
9245
9242
9241
9231
9229
9224
9216
9211
9201
9197
9185
9185
9178
9174
9165
9158
9156
9152
9146
9136
9136
9131
9128
9123
9107
9101
9101
9100
9094
9071
9056
9048
9045
9029
9022
9012
9010
9010
9004
9001
8989
8988
8985
8980
8972
8964
8960
8954
8952
8947
8947
8942
8939
8929
8926
8923
8921
8919
8917
8913
8909
8906
8898
8896
8887
8887
8883
8872
8871
8867
8866
8857
8857
8850
8849
8849
8841
8837
8833
8827
8822
8820
8817
8811
8809
8808
8808
8806
8803
8797
8794
8787
8777
8774
8767
8759
8758
8754
8737
8732
8731
8728
8723
8721
8719
8702
8701
8687
8679
8668
8659
8642
8639
8638
8637
8629
8628
8628
8602
8594
8587
8585
8562
8559
8555
8554
8539
8536
8518
8515
8511
8510
8497
8487
8481
8478
8460
8459
8458
8457
8450
8446
8440
8438
8435
8435
8421
8421
8411
8403
8397
8379
8368
8352
8342
8342
8339
8338
8332
8328
8327
8319
8315
8312
8310
8309
8303
8296
8288
8287
8280
8275
8274
8271
8270
8265
8262
8258
8240
8238
8235
8219
8215
8213
8205
8198
8167
8160
8147
8145
8140
8138
8138
8130
8127
8122
8121
8121
8117
8115
8110
8102
8094
8090
8074
8064
8060
8035
8032
8032
8028
8021
8018
8006
8005
8003
8000
7987
7972
7951
7951
7947
7941
7940
7904
7900
7898
7897
7895
7884
7882
7878
7872
7863
7857
7847
7845
7840
7837
7832
7826
7826
7823
7804
7798
7796
7792
7777
7775
7775
7767
7756
7755
7741
7722
7715
7708
7703
7700
7696
7689
7689
7684
7683
7679
7672
7671
7666
7666
7665
7657
7639
7637
7614
7613
7595
7585
7583
7578
7576
7572
7570
7567
7548
7546
7543
7510
7506
7505
7498
7498
7493
7490
7484
7476
7473
7464
7448
7435
7429
7423
7403
7401
7393
7379
7372
7364
7357
7351
7350
7347
7343
7339
7331
7321
7312
7279
7274
7259
7255
7252
7251
7247
7244
7239
7219
7211
7204
7198
7193
7191
7190
7188
7187
7178
7174
7172
7171
7169
7164
7161
7157
7138
7123
7112
7105
7102
7100
7082
7065
7058
7041
7041
7038
7027
7026
7022
7011
7005
7002
7002
6983
6981
6977
6975
6971
6968
6963
6960
6957
6950
6943
6928
6928
6915
6888
6887
6886
6880
6877
6872
6868
6865
6864
6858
6854
6844
6839
6837
6836
6834
6822
6809
6809
6808
6800
6799
6785
6783
6759
6756
6737
6716
6713
6712
6710
6704
6701
6701
6669
6662
6655
6655
6650
6648
6639
6638
6637
6632
6629
6623
6610
6604
6601
6597
6594
6591
6589
6586
6576
6569
6557
6557
6552
6551
6538
6537
6534
6533
6508
6503
6494
6492
6491
6491
6489
6475
6469
6464
6460
6451
6450
6430
6427
6425
6415
6414
6409
6403
6401
6391
6390
6382
6372
6372
6357
6353
6346
6334
6326
6323
6317
6315
6314
6305
6305
6304
6288
6284
6283
6282
6272
6256
6252
6213
6205
6200
6193
6179
6160
6150
6144
6142
6138
6115
6110
6109
6107
6106
6101
6098
6097
6079
6045
6036
6033
6030
6027
6017
6008
5999
5999
5997
5996
5995
5983
5981
5959
5942
5941
5936
5922
5907
5900
5888
5878
5876
5863
5859
5849
5845
5842
5824
5814
5813
5797
5776
5768
5760
5749
5728
5721
5719
5719
5715
5710
5707
5701
5698
5695
5695
5692
5688
5687
5677
5671
5664
5658
5655
5654
5651
5647
5644
5639
5637
5630
5627
5627
5618
5613
5604
5591
5574
5574
5551
5543
5539
5527
5527
5521
5518
5514
5503
5500
5500
5491
5491
5485
5477
5476
5471
5453
5444
5436
5429
5425
5425
5409
5365
5364
5353
5341
5336
5323
5321
5306
5297
5291
5289
5289
5280
5272
5271
5260
5258
5258
5257
5245
5234
5234
5227
5220
5219
5202
5186
5184
5181
5170
5169
5168
5163
5145
5134
5132
5131
5128
5112
5108
5108
5107
5099
5098
5094
5087
5084
5071
5071
5071
5050
5042
5039
5036
5035
5024
5016
5012
5008
5001
4997
4986
4984
4983
4979
4975
4974
4970
4959
4957
4952
4946
4945
4935
4928
4927
4910
4902
4891
4889
4889
4888
4885
4873
4871
4869
4852
4850
4848
4847
4845
4827
4814
4813
4805
4802
4799
4784
4759
4755
4750
4747
4739
4719
4718
4716
4714
4714
4708
4703
4696
4694
4671
4667
4658
4656
4648
4645
4632
4623
4617
4614
4613
4603
4582
4577
4577
4572
4560
4554
4541
4541
4520
4518
4484
4477
4474
4472
4462
4462
4457
4437
4433
4407
4403
4393
4374
4372
4369
4366
4362
4346
4337
4331
4329
4316
4314
4305
4302
4300
4300
4297
4291
4283
4269
4269
4267
4256
4249
4245
4243
4242
4241
4235
4231
4222
4217
4215
4203
4202
4199
4193
4189
4184
4169
4168
4150
4149
4146
4145
4143
4140
4137
4131
4127
4121
4117
4107
4106
4105
4101
4100
4085
4079
4079
4067
4066
4053
4044
4043
4040
4034
4032
4020
4013
4013
3997
3996
3995
3990
3984
3982
3978
3967
3959
3942
3942
3928
3926
3921
3920
3907
3905
3903
3903
3896
3895
3892
3890
3879
3870
3869
3845
3844
3837
3831
3827
3821
3804
3799
3799
3798
3794
3772
3760
3750
3740
3739
3738
3728
3727
3724
3721
3710
3710
3695
3695
3690
3686
3682
3679
3664
3663
3655
3654
3641
3641
3632
3617
3602
3602
3597
3581
3579
3574
3568
3567
3566
3539
3524
3521
3519
3518
3514
3508
3499
3488
3488
3479
3469
3461
3452
3445
3445
3438
3436
3430
3425
3410
3390
3388
3386
3384
3383
3373
3369
3366
3359
3343
3319
3317
3310
3291
3290
3286
3285
3269
3253
3249
3241
3232
3231
3231
3230
3209
3208
3205
3201
3200
3177
3177
3171
3170
3167
3165
3162
3160
3157
3155
3154
3151
3145
3128
3120
3118
3112
3104
3101
3099
3096
3078
3074
3070
3069
3064
3061
3060
3048
3038
3020
3019
3015
3003
3000
2997
2994
2985
2985
2983
2975
2970
2961
2959
2951
2938
2928
2916
2915
2905
2903
2901
2897
2875
2869
2858
2856
2851
2847
2840
2840
2834
2830
2828
2825
2802
2802
2791
2775
2767
2754
2749
2747
2736
2731
2724
2720
2717
2710
2707
2705
2692
2687
2686
2684
2673
2670
2670
2664
2657
2642
2637
2633
2631
2630
2629
2622
2604
2600
2598
2597
2597
2593
2574
2570
2566
2553
2553
2543
2538
2530
2522
2503
2492
2488
2487
2486
2474
2473
2464
2460
2460
2457
2454
2454
2435
2432
2427
2423
2421
2416
2414
2404
2404
2401
2400
2398
2390
2385
2380
2376
2366
2348
2343
2337
2330
2327
2322
2310
2305
2294
2289
2281
2273
2262
2255
2251
2246
2244
2238
2238
2218
2216
2205
2199
2198
2194
2193
2187
2185
2180
2168
2166
2164
2146
2133
2132
2131
2124
2121
2116
2108
2101
2097
2095
2092
2090
2088
2083
2077
2073
2071
2056
2038
2034
2021
2002
2001
1997
1991
1981
1976
1975
1964
1951
1950
1933
1927
1916
1911
1905
1897
1891
1887
1886
1885
1882
1879
1875
1869
1869
1865
1848
1839
1825
1814
1799
1796
1793
1792
1773
1767
1765
1755
1741
1737
1718
1700
1689
1686
1667
1665
1640
1624
1612
1592
1588
1585
1585
1576
1570
1570
1563
1561
1561
1556
1556
1549
1542
1520
1513
1507
1501
1492
1485
1484
1480
1473
1466
1450
1449
1433
1417
1412
1393
1380
1376
1375
1353
1335
1335
1333
1331
1325
1319
1317
1313
1312
1300
1300
1299
1298
1289
1279
1268
1266
1264
1256
1240
1216
1215
1213
1211
1209
1202
1198
1197
1193
1180
1164
1162
1142
1139
1133
1126
1106
1103
1103
1102
1087
1074
1071
1069
1069
1058
1048
1042
1035
1021
1016
1016
1008
1001
995
992
990
990
986
973
956
948
943
939
930
929
917
917
914
911
905
888
880
870
864
855
850
845
822
818
803
801
796
776
774
756
756
753
741
741
736
725
717
713
711
707
706
673
672
655
649
647
641
635
633
624
612
605
597
588
586
580
579
569
567
566
563
562
557
543
539
534
514
510
508
495
494
492
491
470
469
466
444
438
438
419
418
412
411
409
386
386
385
378
377
372
355
348
336
323
315
309
308
298
292
286
281
272
268
266
265
264
261
260
253
247
246
226
217
216
214
213
213
210
203
202
201
183
180
177
176
176
174
173
164
151
150
148
138
138
137
126
116
114
94
91
91
85
85
82
78
78
75
61
60
58
54
48
40
27
27
18
1
0
-1
-8
-19
-20
-22
-22
-29
-34
-37
-41
-45
-45
-61
-63
-68
-73
-77
-84
-92
-98
-100
-114
-115
-122
-124
-134
-145
-152
-157
-163
-177
-183
-187
-191
-191
-201
-201
-206
-207
-220
-228
-235
-244
-249
-258
-262
-262
-263
-269
-272
-280
-283
-283
-284
-292
-292
-306
-320
-328
-333
-334
-356
-364
-371
-375
-388
-390
-390
-395
-402
-403
-403
-411
-412
-423
-431
-439
-441
-449
-450
-463
-472
-477
-480
-484
-487
-489
-495
-501
-512
-526
-529
-531
-538
-538
-542
-553
-566
-570
-576
-588
-614
-615
-616
-617
-618
-623
-629
-630
-634
-635
-638
-642
-645
-656
-694
-697
-703
-712
-716
-717
-721
-724
-731
-733
-753
-757
-758
-763
-765
-768
-769
-771
-773
-774
-789
-789
-790
-795
-796
-801
-808
-828
-829
-838
-839
-842
-845
-848
-873
-882
-890
-891
-900
-904
-906
-921
-943
-946
-953
-965
-974
-984
-986
-1006
-1014
-1028
-1032
-1033
-1043
-1044
-1047
-1055
-1066
-1069
-1080
-1085
-1085
-1088
-1090
-1098
-1099
-1138
-1145
-1153
-1154
-1161
-1175
-1180
-1185
-1197
-1208
-1213
-1213
-1217
-1220
-1228
-1234
-1235
-1242
-1245
-1248
-1248
-1249
-1251
-1254
-1260
-1261
-1268
-1286
-1286
-1286
-1298
-1312
-1313
-1317
-1322
-1343
-1356
-1363
-1370
-1381
-1386
-1390
-1411
-1417
-1437
-1461
-1462
-1465
-1465
-1477
-1480
-1486
-1493
-1528
-1532
-1537
-1545
-1563
-1574
-1575
-1579
-1585
-1594
-1595
-1602
-1608
-1615
-1618
-1623
-1624
-1627
-1648
-1649
-1649
-1658
-1659
-1667
-1670
-1673
-1675
-1677
-1686
-1691
-1700
-1717
-1719
-1722
-1725
-1730
-1735
-1737
-1740
-1741
-1745
-1751
-1767
-1767
-1775
-1783
-1786
-1787
-1790
-1791
-1794
-1806
-1816
-1820
-1820
-1833
-1839
-1839
-1842
-1843
-1845
-1871
-1875
-1876
-1877
-1883
-1900
-1902
-1903
-1926
-1936
-1940
-1976
-1980
-1983
-1996
-2022
-2032
-2034
-2036
-2039
-2055
-2068
-2079
-2086
-2087
-2092
-2092
-2095
-2101
-2103
-2133
-2144
-2150
-2153
-2156
-2163
-2163
-2165
-2172
-2184
-2193
-2193
-2198
-2221
-2229
-2252
-2252
-2259
-2293
-2293
-2305
-2312
-2312
-2315
-2323
-2326
-2327
-2330
-2343
-2364
-2364
-2365
-2373
-2377
-2380
-2383
-2402
-2402
-2408
-2409
-2409
-2419
-2434
-2435
-2437
-2439
-2449
-2451
-2451
-2456
-2462
-2463
-2465
-2467
-2467
-2478
-2481
-2484
-2487
-2489
-2490
-2490
-2505
-2507
-2511
-2529
-2534
-2538
-2541
-2542
-2554
-2555
-2560
-2561
-2561
-2568
-2569
-2569
-2571
-2589
-2597
-2600
-2603
-2611
-2611
-2614
-2633
-2635
-2639
-2643
-2644
-2646
-2648
-2650
-2657
-2659
-2672
-2678
-2679
-2680
-2680
-2684
-2684
-2688
-2692
-2707
-2712
-2722
-2724
-2736
-2736
-2739
-2746
-2754
-2761
-2774
-2778
-2787
-2788
-2808
-2815
-2822
-2857
-2859
-2860
-2866
-2878
-2883
-2884
-2899
-2901
-2914
-2924
-2935
-2939
-2942
-2977
-2977
-2979
-2985
-2993
-2995
-3017
-3037
-3039
-3040
-3046
-3046
-3056
-3056
-3058
-3067
-3068
-3105
-3129
-3131
-3137
-3151
-3154
-3154
-3168
-3169
-3175
-3181
-3183
-3185
-3187
-3187
-3197
-3201
-3204
-3213
-3218
-3232
-3233
-3236
-3238
-3245
-3256
-3259
-3270
-3272
-3276
-3295
-3305
-3327
-3328
-3328
-3330
-3340
-3341
-3343
-3354
-3355
-3362
-3366
-3370
-3372
-3384
-3386
-3388
-3392
-3395
-3415
-3438
-3442
-3453
-3455
-3456
-3466
-3470
-3473
-3486
-3488
-3489
-3491
-3497
-3499
-3501
-3503
-3509
-3510
-3523
-3534
-3535
-3541
-3542
-3561
-3583
-3592
-3597
-3597
-3611
-3615
-3617
-3624
-3631
-3635
-3639
-3652
-3652
-3658
-3659
-3701
-3717
-3720
-3732
-3755
-3759
-3769
-3772
-3785
-3788
-3788
-3799
-3802
-3817
-3819
-3821
-3838
-3841
-3843
-3868
-3879
-3879
-3887
-3888
-3891
-3895
-3910
-3928
-3930
-3936
-3965
-3966
-3985
-3990
-4017
-4021
-4022
-4036
-4047
-4057
-4063
-4070
-4072
-4074
-4074
-4101
-4113
-4117
-4130
-4146
-4150
-4153
-4154
-4167
-4167
-4170
-4171
-4184
-4190
-4199
-4201
-4201
-4210
-4217
-4222
-4223
-4224
-4226
-4228
-4230
-4236
-4238
-4239
-4242
-4259
-4265
-4265
-4276
-4279
-4286
-4297
-4306
-4319
-4322
-4331
-4334
-4339
-4371
-4388
-4396
-4406
-4406
-4417
-4419
-4420
-4421
-4426
-4450
-4454
-4455
-4462
-4466
-4470
-4472
-4472
-4488
-4500
-4501
-4509
-4514
-4515
-4526
-4533
-4539
-4540
-4549
-4569
-4570
-4580
-4582
-4582
-4584
-4595
-4625
-4627
-4628
-4628
-4629
-4631
-4641
-4641
-4664
-4682
-4685
-4696
-4719
-4724
-4725
-4725
-4727
-4746
-4747
-4754
-4767
-4793
-4796
-4801
-4803
-4812
-4825
-4844
-4872
-4880
-4886
-4887
-4899
-4900
-4904
-4907
-4915
-4917
-4923
-4938
-4938
-4957
-4964
-4987
-5010
-5014
-5019
-5019
-5020
-5022
-5039
-5044
-5052
-5055
-5069
-5074
-5079
-5080
-5080
-5099
-5106
-5107
-5115
-5120
-5121
-5144
-5160
-5164
-5165
-5180
-5199
-5208
-5210
-5230
-5238
-5245
-5259
-5262
-5265
-5276
-5283
-5297
-5306
-5316
-5319
-5330
-5364
-5366
-5369
-5387
-5390
-5390
-5396
-5421
-5440
-5444
-5454
-5468
-5468
-5483
-5486
-5492
-5499
-5512
-5516
-5531
-5534
-5537
-5538
-5538
-5547
-5547
-5559
-5559
-5563
-5566
-5567
-5573
-5577
-5582
-5587
-5592
-5606
-5608
-5612
-5618
-5623
-5641
-5644
-5649
-5654
-5657
-5671
-5675
-5681
-5683
-5683
-5686
-5687
-5687
-5694
-5696
-5701
-5719
-5723
-5723
-5729
-5752
-5755
-5758
-5768
-5772
-5784
-5786
-5789
-5803
-5813
-5818
-5819
-5822
-5833
-5851
-5855
-5856
-5857
-5866
-5870
-5873
-5882
-5883
-5885
-5894
-5895
-5906
-5908
-5912
-5917
-5918
-5918
-5924
-5928
-5931
-5938
-5945
-5946
-5955
-5969
-6018
-6026
-6026
-6029
-6045
-6046
-6046
-6052
-6055
-6056
-6057
-6059
-6068
-6077
-6078
-6087
-6093
-6102
-6104
-6122
-6122
-6127
-6129
-6138
-6141
-6143
-6144
-6144
-6148
-6165
-6165
-6168
-6170
-6172
-6177
-6186
-6194
-6202
-6207
-6215
-6218
-6223
-6225
-6228
-6235
-6251
-6257
-6258
-6259
-6268
-6280
-6288
-6291
-6294
-6296
-6304
-6308
-6316
-6321
-6321
-6328
-6329
-6330
-6331
-6348
-6356
-6358
-6359
-6374
-6379
-6390
-6396
-6402
-6412
-6413
-6434
-6440
-6442
-6450
-6459
-6459
-6468
-6472
-6477
-6485
-6487
-6490
-6491
-6492
-6494
-6500
-6505
-6508
-6516
-6521
-6526
-6535
-6535
-6536
-6539
-6540
-6549
-6557
-6558
-6560
-6562
-6565
-6566
-6579
-6583
-6583
-6585
-6598
-6624
-6625
-6651
-6663
-6667
-6673
-6677
-6682
-6688
-6709
-6714
-6736
-6736
-6747
-6751
-6752
-6752
-6755
-6789
-6791
-6795
-6801
-6805
-6808
-6815
-6830
-6831
-6831
-6842
-6848
-6850
-6880
-6884
-6886
-6905
-6918
-6921
-6928
-6939
-6947
-6955
-6960
-6962
-6964
-6965
-6967
-6970
-6981
-6981
-6990
-7001
-7004
-7006
-7008
-7014
-7022
-7026
-7032
-7033
-7052
-7055
-7057
-7064
-7068
-7069
-7072
-7076
-7085
-7091
-7096
-7097
-7117
-7120
-7126
-7127
-7133
-7139
-7145
-7145
-7145
-7154
-7157
-7162
-7166
-7169
-7170
-7171
-7177
-7184
-7186
-7186
-7190
-7194
-7211
-7211
-7213
-7218
-7220
-7227
-7228
-7232
-7235
-7241
-7247
-7250
-7260
-7261
-7262
-7271
-7276
-7276
-7280
-7285
-7287
-7297
-7302
-7304
-7310
-7310
-7317
-7324
-7333
-7334
-7335
-7340
-7342
-7344
-7352
-7358
-7378
-7383
-7395
-7398
-7401
-7422
-7423
-7428
-7428
-7437
-7442
-7449
-7450
-7450
-7455
-7463
-7469
-7470
-7477
-7485
-7492
-7505
-7510
-7516
-7516
-7533
-7545
-7553
-7561
-7567
-7568
-7588
-7588
-7594
-7609
-7624
-7625
-7632
-7645
-7649
-7658
-7658
-7670
-7670
-7672
-7672
-7687
-7694
-7708
-7717
-7727
-7728
-7750
-7754
-7759
-7772
-7784
-7790
-7803
-7808
-7811
-7812
-7822
-7825
-7830
-7836
-7851
-7853
-7867
-7876
-7895
-7903
-7903
-7906
-7922
-7924
-7943
-7943
-7957
-7969
-7973
-7978
-7978
-7989
-7999
-8002
-8010
-8030
-8031
-8040
-8040
-8047
-8065
-8078
-8082
-8104
-8105
-8106
-8120
-8124
-8132
-8171
-8171
-8172
-8174
-8180
-8181
-8181
-8195
-8198
-8198
-8201
-8204
-8209
-8213
-8213
-8216
-8217
-8225
-8238
-8248
-8253
-8255
-8271
-8280
-8289
-8290
-8290
-8302
-8319
-8326
-8334
-8360
-8364
-8373
-8379
-8384
-8387
-8405
-8408
-8422
-8432
-8436
-8438
-8439
-8445
-8452
-8460
-8470
-8472
-8472
-8501
-8511
-8517
-8517
-8533
-8549
-8558
-8574
-8584
-8585
-8593
-8594
-8618
-8632
-8644
-8648
-8657
-8667
-8667
-8668
-8678
-8685
-8692
-8693
-8694
-8696
-8714
-8726
-8731
-8737
-8744
-8744
-8746
-8748
-8752
-8756
-8757
-8757
-8764
-8779
-8783
-8785
-8787
-8791
-8803
-8825
-8828
-8831
-8841
-8844
-8848
-8862
-8865
-8892
-8895
-8909
-8913
-8922
-8925
-8933
-8936
-8939
-8940
-8941
-8947
-8961
-8962
-8969
-8973
-8981
-8982
-8984
-8990
-8991
-8992
-9007
-9008
-9017
-9027
-9030
-9030
-9037
-9050
-9060
-9084
-9089
-9109
-9111
-9121
-9126
-9129
-9131
-9133
-9138
-9147
-9156
-9160
-9160
-9173
-9177
-9181
-9192
-9192
-9193
-9198
-9200
-9236
-9236
-9245
-9246
-9250
-9252
-9256
-9262
-9262
-9269
-9270
-9275
-9275
-9285
-9286
-9290
-9291
-9295
-9298
-9309
-9316
-9323
-9357
-9358
-9372
-9391
-9394
-9422
-9428
-9433
-9436
-9442
-9455
-9457
-9473
-9483
-9485
-9493
-9493
-9494
-9499
-9502
-9503
-9506
-9509
-9510
-9516
-9522
-9527
-9531
-9558
-9565
-9566
-9570
-9575
-9592
-9595
-9604
-9607
-9647
-9647
-9651
-9652
-9653
-9654
-9666
-9683
-9692
-9705
-9707
-9722
-9725
-9726
-9726
-9738
-9742
-9746
-9768
-9773
-9773
-9775
-9777
-9784
-9786
-9817
-9819
-9823
-9834
-9838
-9843
-9852
-9854
-9854
-9855
-9865
-9865
-9868
-9872
-9878
-9885
-9886
-9888
-9892
-9899
-9911
-9911
-9912
-9915
-9920
-9922
-9932
-9936
-9940
-9941
-9944
-9952
-9954
-9982
-9984
-9988
-9989
-10010
-10029
-10042
-10044
-10060
-10070
-10071
-10076
-10078
-10126
-10141
-10144
-10152
-10153
-10158
-10159
-10174
-10175
-10179
-10195
-10206
-10206
-10206
-10215
-10233
-10236
-10244
-10245
-10251
-10253
-10259
-10263
-10268
-10271
-10277
-10286
-10295
-10315
-10329
-10330
-10339
-10342
-10348
-10353
-10373
-10375
-10382
-10389
-10390
-10395
-10409
-10411
-10415
-10424
-10430
-10431
-10434
-10434
-10434
-10438
-10459
-10462
-10475
-10476
-10482
-10491
-10510
-10512
-10525
-10526
-10531
-10532
-10536
-10543
-10543
-10545
-10556
-10581
-10582
-10584
-10590
-10593
-10600
-10607
-10610
-10611
-10611
-10628
-10631
-10637
-10639
-10641
-10647
-10647
-10653
-10660
-10673
-10674
-10679
-10690
-10691
-10700
-10700
-10718
-10718
-10719
-10720
-10735
-10761
-10775
-10783
-10786
-10794
-10794
-10796
-10798
-10822
-10827
-10835
-10837
-10846
-10851
-10858
-10871
-10880
-10884
-10887
-10890
-10901
-10909
-10913
-10913
-10916
-10921
-10923
-10923
-10940
-10943
-10947
-10947
-10948
-10950
-10952
-10964
-10981
-10985
-10991
-10992
-11029
-11036
-11038
-11038
-11050
-11056
-11064
-11065
-11066
-11083
-11117
-11121
-11129
-11130
-11131
-11139
-11144
-11147
-11152
-11153
-11155
-11157
-11160
-11161
-11165
-11168
-11179
-11189
-11195
-11201
-11203
-11204
-11211
-11217
-11223
-11234
-11237
-11237
-11238
-11244
-11246
-11265
-11291
-11293
-11294
-11297
-11302
-11302
-11320
-11320
-11335
-11339
-11357
-11365
-11375
-11381
-11384
-11387
-11405
-11417
-11418
-11428
-11438
-11439
-11440
-11440
-11469
-11473
-11474
-11475
-11480
-11480
-11480
-11480
-11497
-11499
-11499
-11510
-11511
-11512
-11513
-11519
-11520
-11530
-11536
-11546
-11547
-11567
-11569
-11575
-11576
-11581
-11587
-11604
-11614
-11620
-11620
-11621
-11623
-11625
-11625
-11632
-11635
-11658
-11667
-11677
-11685
-11685
-11691
-11695
-11697
-11698
-11699
-11700
-11700
-11706
-11713
-11717
-11725
-11728
-11735
-11736
-11744
-11744
-11746
-11755
-11765
-11771
-11772
-11775
-11784
-11785
-11788
-11797
-11811
-11812
-11815
-11819
-11827
-11831
-11845
-11847
-11851
-11859
-11863
-11865
-11866
-11868
-11873
-11877
-11879
-11882
-11887
-11888
-11898
-11900
-11902
-11906
-11921
-11926
-11933
-11935
-11935
-11940
-11956
-11957
-11960
-11978
-11982
-11983
-11988
-11996
-12000
-12024
-12032
-12039
-12043
-12049
-12053
-12070
-12086
-12090
-12103
-12110
-12123
-12128
-12132
-12135
-12145
-12153
-12170
-12177
-12178
-12179
-12188
-12218
-12219
-12229
-12260
-12261
-12265
-12272
-12272
-12278
-12291
-12292
-12298
-12305
-12309
-12311
-12325
-12330
-12333
-12343
-12355
-12393
-12402
-12405
-12409
-12410
-12416
-12423
-12447
-12458
-12479
-12484
-12489
-12498
-12501
-12501
-12501
-12505
-12517
-12518
-12520
-12537
-12540
-12541
-12544
-12546
-12554
-12566
-12566
-12569
-12584
-12588
-12605
-12610
-12624
-12626
-12639
-12643
-12651
-12652
-12660
-12664
-12665
-12674
-12675
-12680
-12680
-12685
-12691
-12713
-12716
-12731
-12732
-12734
-12737
-12749
-12754
-12760
-12763
-12769
-12776
-12795
-12802
-12820
-12825
-12826
-12827
-12850
-12854
-12855
-12866
-12868
-12873
-12879
-12882
-12893
-12904
-12906
-12916
-12939
-12946
-12946
-12954
-12956
-12957
-12958
-12959
-12962
-12963
-12970
-12973
-12976
-12980
-12981
-12987
-13004
-13005
-13010
-13022
-13023
-13046
-13048
-13054
-13057
-13058
-13068
-13072
-13082
-13086
-13094
-13097
-13101
-13102
-13106
-13108
-13123
-13123
-13125
-13125
-13128
-13129
-13129
-13130
-13133
-13139
-13142
-13144
-13158
-13169
-13174
-13177
-13181
-13186
-13188
-13190
-13191
-13191
-13197
-13207
-13211
-13248
-13251
-13278
-13288
-13297
-13302
-13302
-13303
-13307
-13311
-13311
-13326
-13329
-13332
-13338
-13342
-13347
-13359
-13363
-13394
-13396
-13404
-13415
-13419
-13422
-13427
-13433
-13439
-13457
-13459
-13460
-13463
-13466
-13469
-13480
-13487
-13497
-13506
-13509
-13512
-13521
-13525
-13536
-13536
-13539
-13547
-13564
-13568
-13572
-13573
-13576
-13581
-13585
-13594
-13597
-13605
-13623
-13625
-13639
-13647
-13649
-13649
-13659
-13666
-13669
-13692
-13694
-13696
-13701
-13703
-13713
-13721
-13724
-13729
-13731
-13744
-13755
-13762
-13770
-13781
-13785
-13791
-13800
-13812
-13814
-13816
-13821
-13822
-13861
-13866
-13868
-13879
-13882
-13885
-13904
-13915
-13925
-13930
-13937
-13942
-13943
-13944
-13949
-13953
-13953
-13960
-13973
-13974
-13976
-13979
-13982
-13985
-13987
-13988
-13999
-14004
-14005
-14015
-14019
-14030
-14031
-14040
-14046
-14050
-14071
-14072
-14086
-14096
-14104
-14117
-14121
-14126
-14148
-14152
-14161
-14164
-14165
-14177
-14184
-14192
-14193
-14195
-14203
-14211
-14217
-14230
-14232
-14235
-14245
-14249
-14257
-14264
-14272
-14272
-14273
-14274
-14281
-14282
-14291
-14293
-14307
-14310
-14311
-14312
-14322
-14324
-14327
-14329
-14331
-14332
-14332
-14367
-14368
-14372
-14381
-14386
-14389
-14397
-14401
-14401
-14402
-14418
-14420
-14423
-14423
-14442
-14444
-14459
-14459
-14465
-14469
-14469
-14469
-14477
-14479
-14486
-14489
-14502
-14505
-14510
-14516
-14523
-14523
-14529
-14547
-14556
-14560
-14596
-14604
-14615
-14621
-14621
-14623
-14625
-14633
-14634
-14636
-14642
-14644
-14649
-14651
-14655
-14675
-14685
-14685
-14687
-14700
-14706
-14724
-14730
-14731
-14733
-14736
-14739
-14752
-14755
-14756
-14761
-14779
-14795
-14798
-14805
-14810
-14817
-14832
-14832
-14839
-14840
-14840
-14853
-14856
-14861
-14865
-14865
-14869
-14869
-14870
-14870
-14873
-14886
-14887
-14892
-14904
-14913
-14918
-14928
-14931
-14935
-14937
-14938
-14943
-14943
-14953
-14954
-14966
-14977
-14991
-14993
-15012
-15023
-15024
-15029
-15030
-15054
-15060
-15083
-15087
-15092
-15101
-15116
-15172
-15175
-15179
-15180
-15187
-15190
-15192
-15202
-15202
-15206
-15207
-15213
-15217
-15219
-15220
-15228
-15231
-15251
-15266
-15272
-15275
-15282
-15289
-15293
-15293
-15308
-15312
-15317
-15338
-15339
-15341
-15342
-15354
-15355
-15357
-15367
-15385
-15390
-15391
-15395
-15400
-15407
-15419
-15431
-15441
-15457
-15469
-15491
-15494
-15498
-15515
-15519
-15524
-15535
-15543
-15552
-15557
-15558
-15561
-15561
-15570
-15577
-15582
-15586
-15591
-15594
-15602
-15607
-15608
-15614
-15624
-15628
-15642
-15646
-15647
-15650
-15652
-15656
-15660
-15668
-15671
-15673
-15674
-15689
-15692
-15693
-15695
-15699
-15700
-15739
-15744
-15745
-15748
-15751
-15758
-15759
-15769
-15785
-15791
-15798
-15799
-15812
-15819
-15824
-15827
-15849
-15856
-15867
-15876
-15881
-15883
-15885
-15894
-15895
-15896
-15897
-15912
-15917
-15922
-15923
-15924
-15932
-15936
-15940
-15944
-15945
-15946
-15953
-15954
-15961
-15966
-15974
-15979
-15991
-16002
-16006
-16013
-16013
-16037
-16039
-16042
-16048
-16051
-16056
-16065
-16075
-16077
-16088
-16093
-16098
-16102
-16106
-16109
-16110
-16110
-16128
-16131
-16135
-16153
-16157
-16161
-16168
-16184
-16186
-16207
-16240
-16241
-16243
-16246
-16255
-16269
-16271
-16272
-16273
-16282
-16282
-16290
-16309
-16322
-16335
-16345
-16353
-16354
-16360
-16364
-16370
-16374
-16385
-16406
-16416
-16416
-16418
-16439
-16440
-16441
-16442
-16444
-16452
-16462
-16465
-16468
-16480
-16482
-16482
-16487
-16497
-16512
-16512
-16523
-16528
-16545
-16562
-16565
-16575
-16575
-16581
-16582
-16583
-16589
-16602
-16612
-16617
-16622
-16634
-16648
-16650
-16657
-16670
-16675
-16680
-16684
-16712
-16725
-16727
-16734
-16735
-16741
-16743
-16754
-16757
-16758
-16758
-16767
-16767
-16780
-16799
-16803
-16806
-16811
-16813
-16826
-16828
-16835
-16842
-16850
-16855
-16856
-16861
-16862
-16865
-16867
-16868
-16872
-16872
-16877
-16878
-16882
-16888
-16889
-16893
-16899
-16910
-16943
-16944
-16948
-16962
-16965
-16966
-16976
-16979
-16985
-16998
-17005
-17006
-17018
-17019
-17026
-17029
-17029
-17031
-17044
-17047
-17048
-17049
-17055
-17057
-17058
-17059
-17060
-17071
-17082
-17090
-17097
-17141
-17155
-17156
-17162
-17172
-17179
-17179
-17183
-17183
-17186
-17186
-17189
-17196
-17215
-17223
-17232
-17233
-17248
-17251
-17260
-17269
-17303
-17307
-17309
-17309
-17312
-17313
-17323
-17341
-17342
-17361
-17377
-17381
-17385
-17388
-17395
-17397
-17402
-17402
-17407
-17420
-17426
-17428
-17429
-17443
-17460
-17466
-17476
-17484
-17488
-17490
-17496
-17499
-17504
-17505
-17515
-17516
-17535
-17579
-17582
-17590
-17593
-17600
-17609
-17626
-17633
-17633
-17635
-17640
-17650
-17655
-17655
-17658
-17676
-17685
-17697
-17698
-17701
-17704
-17707
-17721
-17727
-17730
-17731
-17737
-17743
-17748
-17750
-17753
-17759
-17779
-17785
-17794
-17797
-17814
-17816
-17824
-17825
-17826
-17828
-17831
-17836
-17846
-17850
-17859
-17875
-17883
-17885
-17886
-17895
-17897
-17897
-17899
-17900
-17909
-17918
-17918
-17937
-17949
-17953
-17957
-17960
-17962
-17969
-17974
-17977
-17978
-17987
-17987
-18013
-18021
-18029
-18029
-18036
-18036
-18040
-18042
-18061
-18080
-18102
-18105
-18106
-18107
-18110
-18113
-18114
-18117
-18126
-18131
-18131
-18152
-18159
-18168
-18182
-18184
-18188
-18189
-18207
-18217
-18241
-18262
-18265
-18270
-18271
-18277
-18278
-18279
-18300
-18301
-18306
-18309
-18312
-18328
-18329
-18334
-18344
-18348
-18351
-18359
-18360
-18366
-18367
-18368
-18383
-18402
-18417
-18418
-18419
-18447
-18451
-18468
-18472
-18485
-18495
-18504
-18507
-18513
-18518
-18520
-18521
-18524
-18538
-18538
-18543
-18560
-18561
-18563
-18567
-18568
-18568
-18574
-18578
-18579
-18580
-18598
-18600
-18608
-18609
-18627
-18628
-18634
-18636
-18639
-18645
-18646
-18650
-18651
-18656
-18659
-18662
-18664
-18666
-18680
-18691
-18692
-18693
-18697
-18702
-18704
-18745
-18748
-18754
-18757
-18758
-18763
-18774
-18785
-18789
-18795
-18796
-18818
-18828
-18831
-18840
-18842
-18857
-18857
-18861
-18861
-18863
-18883
-18894
-18907
-18923
-18941
-18942
-18955
-18965
-18968
-18972
-18975
-18979
-18997
-19002
-19023
-19024
-19027
-19028
-19034
-19057
-19065
-19069
-19073
-19074
-19089
-19089
-19096
-19102
-19120
-19125
-19128
-19131
-19141
-19147
-19153
-19153
-19160
-19164
-19177
-19182
-19192
-19203
-19205
-19207
-19216
-19219
-19228
-19229
-19232
-19238
-19239
-19240
-19253
-19258
-19265
-19267
-19274
-19284
-19295
-19298
-19303
-19310
-19318
-19321
-19322
-19328
-19341
-19352
-19354
-19359
-19359
-19361
-19374
-19392
-19394
-19406
-19411
-19413
-19417
-19420
-19422
-19423
-19439
-19439
-19441
-19444
-19456
-19463
-19464
-19464
-19470
-19481
-19492
-19510
-19514
-19517
-19517
-19537
-19548
-19551
-19553
-19555
-19564
-19565
-19569
-19572
-19573
-19575
-19578
-19585
-19595
-19601
-19602
-19605
-19611
-19621
-19634
-19636
-19642
-19650
-19653
-19659
-19666
-19668
-19668
-19676
-19680
-19689
-19705
-19706
-19707
-19708
-19708
-19721
-19721
-19728
-19755
-19759
-19766
-19783
-19796
-19798
-19800
-19812
-19816
-19818
-19823
-19833
-19835
-19837
-19837
-19842
-19845
-19846
-19851
-19860
-19868
-19878
-19885
-19893
-19907
-19919
-19923
-19927
-19929
-19934
-19935
-19953
-19956
-19963
-19975
-19979
-19980
-19990
-19990
-19994
-20002
-20006
-20006
-20019
-20021
-20027
-20033
-20042
-20047
-20049
-20055
-20076
-20093
-20097
-20097
-20105
-20112
-20115
-20123
-20144
-20159
-20163
-20175
-20178
-20183
-20184
-20186
-20195
-20201
-20207
-20209
-20222
-20234
-20242
-20269
-20270
-20270
-20282
-20285
-20286
-20292
-20304
-20324
-20327
-20339
-20346
-20348
-20353
-20355
-20360
-20367
-20377
-20379
-20380
-20384
-20384
-20397
-20401
-20415
-20424
-20425
-20429
-20431
-20431
-20441
-20445
-20450
-20458
-20465
-20465
-20485
-20490
-20491
-20494
-20517
-20522
-20523
-20531
-20533
-20540
-20543
-20546
-20547
-20549
-20555
-20564
-20577
-20580
-20582
-20590
-20591
-20596
-20597
-20600
-20601
-20601
-20601
-20602
-20604
-20606
-20613
-20620
-20622
-20637
-20646
-20655
-20656
-20674
-20691
-20695
-20711
-20713
-20717
-20718
-20722
-20734
-20735
-20744
-20744
-20745
-20745
-20759
-20761
-20769
-20776
-20791
-20809
-20810
-20811
-20813
-20815
-20825
-20829
-20835
-20844
-20849
-20850
-20852
-20856
-20858
-20870
-20876
-20879
-20880
-20891
-20899
-20913
-20918
-20921
-20921
-20925
-20927
-20927
-20931
-20934
-20940
-20940
-20942
-20964
-20965
-20974
-20977
-20979
-20991
-21000
-21010
-21016
-21016
-21019
-21030
-21031
-21040
-21041
-21048
-21050
-21051
-21062
-21094
-21101
-21104
-21116
-21120
-21127
-21131
-21132
-21135
-21140
-21142
-21152
-21160
-21164
-21164
-21172
-21175
-21193
-21212
-21223
-21230
-21233
-21237
-21244
-21245
-21251
-21251
-21252
-21260
-21267
-21270
-21270
-21277
-21278
-21284
-21309
-21310
-21312
-21319
-21340
-21349
-21351
-21359
-21369
-21379
-21392
-21394
-21396
-21421
-21422
-21440
-21444
-21447
-21453
-21458
-21461
-21462
-21466
-21468
-21468
-21473
-21492
-21497
-21509
-21513
-21537
-21547
-21559
-21561
-21577
-21591
-21591
-21593
-21600
-21603
-21615
-21617
-21617
-21630
-21634
-21634
-21647
-21648
-21648
-21662
-21667
-21690
-21706
-21708
-21718
-21724
-21731
-21732
-21760
-21764
-21764
-21778
-21796
-21799
-21805
-21809
-21810
-21828
-21828
-21829
-21839
-21849
-21863
-21864
-21869
-21876
-21879
-21881
-21883
-21883
-21885
-21902
-21908
-21911
-21919
-21926
-21931
-21933
-21937
-21951
-21963
-21965
-21966
-21978
-21979
-21986
-21991
-21996
-22000
-22003
-22004
-22005
-22018
-22025
-22040
-22057
-22059
-22061
-22061
-22074
-22093
-22095
-22096
-22111
-22114
-22116
-22126
-22134
-22145
-22150
-22154
-22156
-22159
-22168
-22177
-22184
-22186
-22188
-22188
-22202
-22206
-22217
-22228
-22228
-22234
-22239
-22249
-22251
-22253
-22258
-22262
-22263
-22268
-22271
-22272
-22273
-22280
-22295
-22313
-22316
-22317
-22318
-22319
-22320
-22321
-22325
-22331
-22336
-22339
-22347
-22350
-22358
-22362
-22376
-22377
-22380
-22383
-22384
-22394
-22395
-22398
-22415
-22419
-22420
-22448
-22457
-22478
-22478
-22480
-22505
-22515
-22524
-22526
-22534
-22538
-22576
-22584
-22594
-22595
-22601
-22617
-22622
-22622
-22626
-22640
-22646
-22647
-22659
-22679
-22686
-22698
-22713
-22717
-22720
-22721
-22728
-22730
-22736
-22739
-22758
-22763
-22769
-22785
-22800
-22806
-22827
-22838
-22840
-22846
-22860
-22861
-22866
-22868
-22871
-22874
-22880
-22889
-22911
-22917
-22925
-22943
-22955
-22959
-22971
-22971
-22971
-22981
-22986
-22991
-22995
-22999
-23017
-23023
-23029
-23030
-23032
-23036
-23047
-23048
-23071
-23079
-23086
-23087
-23100
-23101
-23107
-23108
-23112
-23114
-23116
-23122
-23124
-23133
-23134
-23136
-23139
-23144
-23145
-23154
-23166
-23169
-23175
-23179
-23181
-23186
-23190
-23196
-23196
-23196
-23207
-23212
-23213
-23216
-23221
-23232
-23254
-23257
-23275
-23277
-23294
-23314
-23318
-23319
-23323
-23328
-23330
-23336
-23338
-23340
-23344
-23359
-23371
-23375
-23391
-23393
-23413
-23416
-23416
-23425
-23426
-23441
-23442
-23446
-23448
-23451
-23479
-23483
-23486
-23487
-23490
-23492
-23497
-23500
-23503
-23512
-23513
-23514
-23523
-23531
-23546
-23552
-23566
-23576
-23578
-23581
-23581
-23586
-23594
-23602
-23608
-23610
-23611
-23612
-23618
-23621
-23626
-23627
-23635
-23638
-23638
-23639
-23647
-23652
-23664
-23686
-23696
-23700
-23710
-23725
-23727
-23729
-23731
-23746
-23756
-23768
-23773
-23774
-23774
-23779
-23790
-23793
-23819
-23824
-23842
-23845
-23855
-23856
-23867
-23868
-23876
-23884
-23890
-23890
-23892
-23892
-23893
-23903
-23909
-23915
-23922
-23933
-23947
-23954
-23958
-23960
-23969
-23975
-23986
-23990
-23994
-23999
-24018
-24022
-24026
-24027
-24027
-24034
-24043
-24044
-24045
-24051
-24068
-24072
-24077
-24088
-24092
-24094
-24099
-24117
-24118
-24123
-24131
-24132
-24147
-24147
-24155
-24160
-24162
-24167
-24174
-24181
-24195
-24199
-24199
-24201
-24229
-24232
-24240
-24244
-24251
-24258
-24266
-24268
-24280
-24281
-24284
-24291
-24296
-24304
-24305
-24306
-24308
-24319
-24323
-24337
-24343
-24348
-24358
-24359
-24360
-24361
-24369
-24372
-24382
-24396
-24397
-24399
-24400
-24403
-24403
-24419
-24427
-24441
-24462
-24463
-24469
-24480
-24482
-24491
-24500
-24503
-24545
-24545
-24549
-24549
-24552
-24554
-24567
-24572
-24582
-24586
-24596
-24603
-24606
-24615
-24624
-24628
-24628
-24629
-24635
-24641
-24644
-24652
-24653
-24662
-24667
-24670
-24677
-24687
-24688
-24694
-24697
-24697
-24701
-24725
-24728
-24728
-24746
-24751
-24758
-24778
-24791
-24795
-24799
-24801
-24802
-24805
-24807
-24808
-24808
-24815
-24818
-24825
-24835
-24840
-24852
-24852
-24858
-24872
-24875
-24881
-24882
-24884
-24891
-24893
-24901
-24903
-24905
-24906
-24909
-24917
-24926
-24933
-24943
-24949
-24963
-24966
-24973
-24977
-24980
-24985
-24986
-24990
-24993
-24996
-25008
-25009
-25026
-25041
-25043
-25056
-25057
-25061
-25062
-25088
-25103
-25129
-25135
-25138
-25145
-25158
-25175
-25178
-25182
-25192
-25193
-25202
-25209
-25210
-25214
-25220
-25220
-25227
-25229
-25230
-25245
-25262
-25263
-25264
-25266
-25275
-25280
-25281
-25287
-25290
-25293
-25296
-25296
-25309
-25311
-25311
-25312
-25336
-25347
-25348
-25349
-25351
-25351
-25359
-25366
-25369
-25386
-25387
-25394
-25401
-25413
-25435
-25440
-25446
-25449
-25451
-25461
-25467
-25480
-25507
-25507
-25510
-25535
-25535
-25536
-25538
-25539
-25541
-25550
-25573
-25591
-25599
-25610
-25621
-25622
-25624
-25627
-25634
-25636
-25640
-25650
-25659
-25662
-25680
-25708
-25708
-25719
-25731
-25732
-25734
-25736
-25741
-25760
-25762
-25767
-25769
-25780
-25790
-25797
-25799
-25800
-25803
-25846
-25850
-25850
-25857
-25858
-25863
-25864
-25877
-25879
-25881
-25881
-25889
-25910
-25914
-25916
-25918
-25930
-25932
-25962
-25970
-25971
-25978
-25980
-25982
-25991
-25992
-25995
-26007
-26008
-26012
-26016
-26024
-26039
-26051
-26058
-26060
-26062
-26070
-26074
-26080
-26087
-26089
-26090
-26117
-26118
-26124
-26124
-26126
-26136
-26141
-26142
-26156
-26156
-26160
-26160
-26162
-26194
-26196
-26211
-26226
-26236
-26244
-26245
-26255
-26263
-26274
-26307
-26312
-26314
-26316
-26317
-26319
-26321
-26334
-26340
-26343
-26344
-26362
-26365
-26387
-26390
-26395
-26438
-26443
-26452
-26457
-26461
-26465
-26470
-26473
-26478
-26498
-26501
-26533
-26533
-26534
-26538
-26551
-26553
-26555
-26562
-26562
-26573
-26577
-26578
-26580
-26597
-26601
-26608
-26612
-26613
-26618
-26619
-26633
-26644
-26649
-26658
-26670
-26672
-26685
-26687
-26687
-26693
-26698
-26702
-26704
-26715
-26727
-26727
-26740
-26742
-26745
-26748
-26751
-26752
-26766
-26766
-26769
-26771
-26773
-26776
-26783
-26786
-26798
-26801
-26802
-26806
-26809
-26816
-26835
-26836
-26851
-26855
-26860
-26861
-26870
-26875
-26879
-26893
-26903
-26921
-26924
-26927
-26928
-26929
-26956
-26956
-26960
-26975
-26985
-26995
-26998
-27001
-27005
-27010
-27035
-27049
-27053
-27074
-27075
-27077
-27085
-27087
-27088
-27107
-27118
-27119
-27120
-27124
-27127
-27131
-27134
-27137
-27150
-27153
-27153
-27155
-27171
-27173
-27194
-27199
-27205
-27207
-27209
-27225
-27235
-27240
-27240
-27245
-27248
-27250
-27253
-27257
-27274
-27275
-27292
-27295
-27309
-27319
-27333
-27335
-27339
-27343
-27343
-27349
-27368
-27369
-27371
-27373
-27381
-27392
-27394
-27395
-27419
-27425
-27430
-27434
-27435
-27437
-27439
-27443
-27445
-27462
-27472
-27474
-27474
-27481
-27481
-27488
-27514
-27525
-27525
-27526
-27529
-27529
-27532
-27535
-27536
-27542
-27546
-27546
-27548
-27550
-27567
-27572
-27581
-27582
-27600
-27607
-27609
-27615
-27619
-27624
-27637
-27641
-27641
-27645
-27654
-27655
-27673
-27680
-27681
-27697
-27709
-27714
-27715
-27721
-27722
-27724
-27727
-27729
-27731
-27741
-27756
-27756
-27757
-27775
-27775
-27778
-27780
-27789
-27807
-27819
-27821
-27821
-27823
-27826
-27826
-27831
-27832
-27838
-27842
-27845
-27846
-27866
-27883
-27884
-27887
-27891
-27892
-27897
-27900
-27902
-27902
-27907
-27915
-27917
-27919
-27921
-27921
-27923
-27939
-27951
-27956
-27967
-27973
-27974
-27976
-27981
-27983
-27987
-27990
-27998
-27998
-28008
-28014
-28019
-28033
-28039
-28043
-28045
-28063
-28065
-28068
-28069
-28069
-28081
-28084
-28086
-28087
-28094
-28096
-28098
-28101
-28109
-28111
-28114
-28119
-28122
-28137
-28146
-28147
-28149
-28166
-28177
-28188
-28193
-28200
-28203
-28214
-28219
-28220
-28221
-28226
-28255
-28260
-28265
-28278
-28284
-28286
-28288
-28292
-28299
-28303
-28304
-28313
-28327
-28328
-28340
-28350
-28372
-28384
-28387
-28392
-28404
-28408
-28409
-28418
-28418
-28422
-28423
-28424
-28428
-28430
-28444
-28444
-28448
-28449
-28466
-28468
-28473
-28487
-28489
-28489
-28495
-28508
-28514
-28517
-28521
-28534
-28550
-28573
-28580
-28586
-28586
-28607
-28608
-28610
-28624
-28631
-28634
-28648
-28651
-28651
-28669
-28674
-28690
-28690
-28694
-28694
-28696
-28698
-28702
-28709
-28710
-28732
-28733
-28750
-28751
-28752
-28753
-28757
-28757
-28758
-28759
-28761
-28762
-28774
-28777
-28779
-28792
-28803
-28812
-28814
-28818
-28823
-28836
-28839
-28843
-28852
-28854
-28860
-28868
-28877
-28880
-28885
-28887
-28893
-28905
-28919
-28922
-28924
-28928
-28943
-28954
-28955
-28970
-28971
-28971
-28972
-28985
-28987
-28995
-28995
-29002
-29004
-29005
-29008
-29012
-29023
-29029
-29036
-29037
-29042
-29053
-29060
-29062
-29065
-29066
-29067
-29072
-29074
-29081
-29086
-29104
-29115
-29122
-29125
-29131
-29138
-29143
-29143
-29145
-29152
-29154
-29156
-29176
-29181
-29182
-29186
-29190
-29193
-29199
-29202
-29212
-29221
-29222
-29226
-29230
-29235
-29247
-29250
-29263
-29276
-29276
-29283
-29284
-29292
-29304
-29321
-29322
-29333
-29335
-29339
-29339
-29340
-29342
-29355
-29357
-29358
-29364
-29366
-29371
-29372
-29383
-29383
-29386
-29386
-29407
-29413
-29421
-29422
-29426
-29427
-29443
-29451
-29459
-29464
-29466
-29484
-29490
-29493
-29504
-29506
-29514
-29518
-29524
-29531
-29534
-29535
-29536
-29537
-29542
-29569
-29572
-29581
-29606
-29606
-29606
-29607
-29609
-29610
-29630
-29638
-29638
-29645
-29652
-29659
-29665
-29671
-29681
-29682
-29694
-29706
-29710
-29711
-29727
-29728
-29731
-29739
-29744
-29751
-29763
-29780
-29789
-29792
-29794
-29796
-29799
-29802
-29805
-29814
-29817
-29817
-29818
-29827
-29828
-29831
-29832
-29834
-29835
-29840
-29848
-29855
-29858
-29868
-29879
-29886
-29888
-29915
-29918
-29920
-29932
-29933
-29938
-29939
-29969
-29977
-29978
-29980
-29986
-30004
-30007
-30008
-30008
-30019
-30026
-30067
-30070
-30073
-30074
-30076
-30078
-30086
-30097
-30100
-30111
-30122
-30126
-30130
-30131
-30163
-30171
-30174
-30175
-30177
-30177
-30182
-30212
-30215
-30222
-30226
-30227
-30232
-30243
-30255
-30258
-30260
-30268
-30276
-30284
-30291
-30304
-30308
-30317
-30327
-30331
-30333
-30339
-30343
-30347
-30348
-30352
-30354
-30367
-30384
-30392
-30400
-30403
-30424
-30437
-30446
-30451
-30452
-30453
-30478
-30479
-30481
-30489
-30491
-30495
-30498
-30520
-30520
-30522
-30523
-30541
-30548
-30549
-30568
-30570
-30573
-30573
-30578
-30593
-30599
-30611
-30618
-30626
-30630
-30633
-30636
-30640
-30657
-30658
-30676
-30680
-30687
-30692
-30696
-30699
-30729
-30756
-30761
-30770
-30786
-30792
-30796
-30806
-30809
-30811
-30811
-30815
-30823
-30832
-30857
-30864
-30872
-30872
-30875
-30896
-30898
-30906
-30918
-30921
-30928
-30930
-30933
-30941
-30957
-30965
-30968
-30972
-30985
-30990
-30993
-31001
-31005
-31009
-31010
-31016
-31023
-31036
-31049
-31051
-31052
-31060
-31061
-31065
-31070
-31078
-31101
-31108
-31123
-31123
-31135
-31139
-31145
-31162
-31188
-31191
-31201
-31210
-31216
-31223
-31236
-31241
-31245
-31259
-31260
-31260
-31262
-31265
-31268
-31275
-31280
-31288
-31303
-31308
-31323
-31328
-31330
-31343
-31351
-31353
-31360
-31366
-31374
-31388
-31398
-31399
-31413
-31416
-31432
-31442
-31444
-31472
-31495
-31505
-31510
-31527
-31549
-31557
-31561
-31565
-31572
-31582
-31598
-31609
-31628
-31633
-31635
-31641
-31643
-31645
-31650
-31660
-31682
-31695
-31712
-31717
-31741
-31745
-31751
-31753
-31757
-31764
-31767
-31770
-31784
-31803
-31803
-31805
-31810
-31821
-31823
-31834
-31864
-31884
-31890
-31893
-31903
-31928
-31931
-31934
-31938
-31938
-31954
-31955
-31965
-31981
-31983
-31992
-31993
-32011
-32011
-32015
-32025
-32027
-32028
-32031
-32036
-32054
-32056
-32058
-32073
-32081
-32083
-32083
-32084
-32091
-32092
-32113
-32140
-32144
-32144
-32146
-32167
-32169
-32174
-32176
-32178
-32203
-32206
-32211
-32212
-32216
-32218
-32219
-32234
-32234
-32241
-32242
-32248
-32252
-32261
-32267
-32271
-32275
-32278
-32289
-32289
-32300
-32319
-32320
-32328
-32328
-32329
-32346
-32347
-32373
-32378
-32385
-32388
-32401
-32419
-32424
-32430
-32443
-32451
-32466
-32477
-32485
-32501
-32502
-32502
-32504
-32518
-32526
-32529
-32540
-32544
-32545
-32552
-32556
-32558
-32565
-32566
-32575
-32578
-32583
-32590
-32590
-32592
-32600
-32601
-32609
-32616
-32622
-32628
-32629
-32633
-32633
-32641
-32643
-32645
-32658
-32666
-32675
-32690
-32691
-32692
-32697
-32700
-32701
-32702
-32704
-32708
-32709
-32709
-32716
-32719
-32722
-32730
-32740
-32740
-32741
-32742
-32752
-32755
-32761
-32768
